1753136027918 0.019264110961279137 100
1753136052581 0.038528221922558274 200
1753136077296 0.05779233288383741 300
1753136102034 0.07705644384511655 400
1753136126851 0.09632055480639569 500
1753136151807 0.11558466576767482 600
1753136176642 0.13484877672895396 700
1753136201483 0.1541128876902331 800
1753136226623 0.17337699865151224 900
1753136251589 0.19264110961279138 1000
1753136917388 0.19264110961279138 1000
1753136942953 0.21190522057407052 1100
1753136967368 0.23116933153534963 1200
1753136991643 0.2504334424966288 1300
1753137015957 0.2696975534579079 1400
1753137040122 0.2889616644191871 1500
1753137064171 0.3082257753804662 1600
1753137088404 0.3274898863417453 1700
1753137112541 0.3467539973030245 1800
1753137136656 0.3660181082643036 1900
1753137160855 0.38528221922558276 2000
1753137808452 0.38528221922558276 2000
1753137833605 0.40454633018686187 2100
1753137857891 0.42381044114814104 2200
1753137881988 0.44307455210942015 2300
1753137906197 0.46233866307069926 2400
1753137930525 0.48160277403197843 2500
1753137954834 0.5008668849932576 2600
1753137979122 0.5201309959545367 2700
1753138003364 0.5393951069158158 2800
1753138027592 0.5586592178770949 2900
1753138051745 0.5779233288383742 3000
1753138694294 0.5779233288383742 3000
1753138719334 0.5971874397996533 3100
1753138743450 0.6164515507609324 3200
1753138767663 0.6357156617222115 3300
1753138791907 0.6549797726834906 3400
1753138816052 0.6742438836447698 3500
1753138840290 0.693507994606049 3600
1753138864693 0.7127721055673281 3700
1753138889080 0.7320362165286072 3800
1753138913315 0.7513003274898863 3900
1753138937557 0.7705644384511655 4000
1753139591241 0.7705644384511655 4000
1753139616330 0.7898285494124446 4100
1753139640690 0.8090926603737237 4200
1753139665182 0.8283567713350029 4300
1753139689344 0.8476208822962821 4400
1753139713467 0.8668849932575612 4500
1753139737732 0.8861491042188403 4600
1753139762003 0.9054132151801194 4700
1753139786265 0.9246773261413985 4800
1753139810494 0.9439414371026777 4900
1753139834876 0.9632055480639569 5000
1753140488843 0.9632055480639569 5000
1753140514016 0.982469659025236 5100
1753140538443 1.0017337699865152 5200
1753140562746 1.0209978809477942 5300
1753140587020 1.0402619919090734 5400
1753140611428 1.0595261028703524 5500
1753140635843 1.0787902138316317 5600
1753140660222 1.0980543247929109 5700
1753140684369 1.1173184357541899 5800
1753140708629 1.136582546715469 5900
1753140733031 1.155846657676748 6000
1753141387085 1.155846657676748 6000
1753141412230 1.1751107686380273 6100
1753141436669 1.1943748795993065 6200
1753141461121 1.2136389905605856 6300
1753141485362 1.2329031015218648 6400
1753141510058 1.252167212483144 6500
1753141534601 1.271431323444423 6600
1753141558975 1.2906954344057022 6700
1753141583377 1.3099595453669814 6800
1753141607925 1.3292236563282605 6900
1753141632186 1.3484877672895395 7000
1753142262335 1.3484877672895395 7000
1753142287355 1.3677518782508187 7100
1753142311650 1.387015989212098 7200
1753142335674 1.406280100173377 7300
1753142359511 1.4255442111346561 7400
1753142383695 1.4448083220959353 7500
1753142407716 1.4640724330572144 7600
1753142432028 1.4833365440184936 7700
1753142455868 1.5026006549797728 7800
1753142480284 1.5218647659410518 7900
1753142504515 1.5411288769023308 8000
1753143132126 1.5411288769023308 8000
1753143157259 1.5603929878636102 8100
1753143181500 1.5796570988248892 8200
1753143205142 1.5989212097861683 8300
1753143229519 1.6181853207474475 8400
1753143253891 1.6374494317087267 8500
1753143278194 1.6567135426700057 8600
1753143301774 1.675977653631285 8700
1753143326047 1.6952417645925641 8800
1753143350330 1.7145058755538432 8900
1753143373903 1.7337699865151224 9000
1753144009793 1.7337699865151224 9000
1753144034831 1.7530340974764016 9100
1753144059133 1.7722982084376806 9200
1753144082950 1.7915623193989596 9300
1753144107028 1.8108264303602388 9400
1753144131422 1.830090541321518 9500
1753144155256 1.849354652282797 9600
1753144179540 1.8686187632440763 9700
1753144203771 1.8878828742053555 9800
1753144228229 1.9071469851666345 9900
1753144251819 1.9264110961279137 10000
1753144882485 1.9264110961279137 10000
1753144907234 1.945675207089193 10100
1753144931564 1.964939318050472 10200
1753144955887 1.984203429011751 10300
1753144980113 2.0034675399730304 10400
1753145003790 2.0227316509343094 10500
1753145027972 2.0419957618955884 10600
1753145052281 2.061259872856868 10700
1753145076527 2.080523983818147 10800
1753145100160 2.099788094779426 10900
1753145124601 2.119052205740705 11000
1753145762071 2.119052205740705 11000
1753145787166 2.1383163167019843 11100
1753145811575 2.1575804276632633 11200
1753145835961 2.1768445386245423 11300
1753145859546 2.1961086495858217 11400
1753145883919 2.2153727605471008 11500
1753145908159 2.2346368715083798 11600
1753145932425 2.253900982469659 11700
1753145956005 2.273165093430938 11800
1753145980275 2.292429204392217 11900
1753146004647 2.311693315353496 12000
1753146649055 2.311693315353496 12000
1753146674181 2.3309574263147756 12100
1753146698588 2.3502215372760547 12200
1753146722902 2.369485648237334 12300
1753146746465 2.388749759198613 12400
1753146770990 2.408013870159892 12500
1753146795409 2.427277981121171 12600
1753146818931 2.4465420920824505 12700
1753146843252 2.4658062030437295 12800
1753146867853 2.4850703140050086 12900
1753146892118 2.504334424966288 13000
1753147526336 2.504334424966288 13000
1753147551347 2.523598535927567 13100
1753147575669 2.542862646888846 13200
1753147600081 2.562126757850125 13300
1753147623737 2.5813908688114044 13400
1753147647985 2.6006549797726835 13500
1753147672179 2.619919090733963 13600
1753147696554 2.639183201695242 13700
1753147720213 2.658447312656521 13800
1753147744415 2.6777114236178 13900
1753147769057 2.696975534579079 14000
1753148409889 2.696975534579079 14000
1753148434965 2.7162396455403583 14100
1753148459380 2.7355037565016374 14200
1753148483881 2.754767867462917 14300
1753148507500 2.774031978424196 14400
1753148532203 2.793296089385475 14500
1753148556709 2.812560200346754 14600
1753148579980 2.8318243113080332 14700
1753148604309 2.8510884222693123 14800
1753148628556 2.8703525332305913 14900
1753148652900 2.8896166441918707 15000
1753149292641 2.8896166441918707 15000
1753149317951 2.9088807551531497 15100
1753149342252 2.9281448661144287 15200
1753149365819 2.9474089770757077 15300
1753149390329 2.966673088036987 15400
1753149414904 2.985937198998266 15500
1753149438211 3.005201309959545 15600
1753149462588 3.0244654209208246 15700
1753149486882 3.0437295318821036 15800
1753149511713 3.0629936428433826 15900
1753149534868 3.082257753804662 16000
1753150163071 3.082257753804662 16000
1753150188439 3.101521864765941 16100
1753150212725 3.12078597572722 16200
1753150237289 3.1400500866884995 16300
1753150260761 3.1593141976497785 16400
1753150285091 3.1785783086110575 16500
1753150309527 3.1978424195723365 16600
1753150333017 3.217106530533616 16700
1753150357403 3.236370641494895 16800
1753150381805 3.2556347524561744 16900
1753150406214 3.2748988634174534 17000
1753151046117 3.2748988634174534 17000
1753151071321 3.2941629743787324 17100
1753151094769 3.3134270853400114 17200
1753151119299 3.332691196301291 17300
1753151143731 3.35195530726257 17400
1753151168237 3.371219418223849 17500
1753151191684 3.3904835291851283 17600
1753151216099 3.4097476401464073 17700
1753151240420 3.4290117511076863 17800
1753151263784 3.4482758620689653 17900
1753151288147 3.4675399730302447 18000
1753151920548 3.4675399730302447 18000
1753151945771 3.4868040839915238 18100
1753151970431 3.506068194952803 18200
1753151993548 3.525332305914082 18300
1753152017992 3.544596416875361 18400
1753152042614 3.56386052783664 18500
1753152067002 3.583124638797919 18600
1753152090396 3.6023887497591986 18700
1753152114912 3.6216528607204777 18800
1753152139521 3.640916971681757 18900
1753152162706 3.660181082643036 19000
1753152799475 3.660181082643036 19000
1753152824812 3.679445193604315 19100
1753152849285 3.698709304565594 19200
1753152873726 3.7179734155268735 19300
1753152896921 3.7372375264881526 19400
1753152921425 3.7565016374494316 19500
1753152945937 3.775765748410711 19600
1753152970480 3.79502985937199 19700
1753152993707 3.814293970333269 19800
1753153018274 3.833558081294548 19900
1753153042948 3.8528221922558274 20000
1753153674823 3.8528221922558274 20000
1753153699026 3.8720863032171065 20100
1753153723535 3.891350414178386 20200
1753153748121 3.910614525139665 20300
1753153772720 3.929878636100944 20400
1753153796026 3.949142747062223 20500
1753153820607 3.9684068580235023 20600
1753153845130 3.9876709689847814 20700
1753153868262 4.006935079946061 20800
1753153892803 4.02619919090734 20900
1753153917270 4.045463301868619 21000
1753154555741 4.045463301868619 21000
1753154581434 4.064727412829898 21100
1753154604496 4.083991523791177 21200
1753154628907 4.103255634752456 21300
1753154653517 4.122519745713736 21400
1753154677908 4.141783856675015 21500
1753154701290 4.161047967636294 21600
1753154725918 4.180312078597573 21700
1753154750591 4.199576189558852 21800
1753154773908 4.218840300520131 21900
1753154798486 4.23810441148141 22000
1753155434182 4.23810441148141 22000
1753155459583 4.25736852244269 22100
1753155484394 4.276632633403969 22200
1753155507576 4.295896744365248 22300
1753155532211 4.315160855326527 22400
1753155556836 4.334424966287806 22500
1753155581219 4.353689077249085 22600
1753155604461 4.3729531882103645 22700
1753155628976 4.3922172991716435 22800
1753155653656 4.4114814101329225 22900
1753155676775 4.4307455210942015 23000
1753156308506 4.4307455210942015 23000
1753156333689 4.4500096320554805 23100
1753156358306 4.4692737430167595 23200
1753156381397 4.4885378539780385 23300
1753156406079 4.507801964939318 23400
1753156430692 4.527066075900597 23500
1753156453968 4.546330186861876 23600
1753156478374 4.565594297823155 23700
1753156502978 4.584858408784434 23800
1753156527476 4.604122519745713 23900
1753156550585 4.623386630706992 24000
1753157186780 4.623386630706992 24000
1753157212326 4.642650741668272 24100
1753157236861 4.661914852629551 24200
1753157259895 4.68117896359083 24300
1753157284421 4.700443074552109 24400
1753157308941 4.719707185513388 24500
1753157333559 4.738971296474668 24600
1753157356724 4.758235407435947 24700
1753157381389 4.777499518397226 24800
1753157406051 4.796763629358505 24900
1753157429175 4.816027740319784 25000
