1753136027918 0.21754492819309235 100
1753136052581 0.11314751952886581 200
1753136077296 0.19453206658363342 300
1753136102034 0.12883801758289337 400
1753136126851 0.1725742667913437 500
1753136151807 0.18930283188819885 600
1753136176642 0.1454690545797348 700
1753136201483 0.14920298755168915 800
1753136226623 0.13117069005966187 900
1753136251589 0.15936921536922455 1000
1753136942953 0.23949883878231049 1100
1753136967368 0.15747123956680298 1200
1753136991643 0.1689266860485077 1300
1753137015957 0.16466252505779266 1400
1753137040122 0.17292878031730652 1500
1753137064171 0.14889797568321228 1600
1753137088404 0.09687790274620056 1700
1753137112541 0.08722572773694992 1800
1753137136656 0.1541079878807068 1900
1753137160855 0.1566309630870819 2000
1753137833605 0.2009555846452713 2100
1753137857891 0.14320918917655945 2200
1753137881988 0.1736677587032318 2300
1753137906197 0.22389715909957886 2400
1753137930525 0.09725578129291534 2500
1753137954834 0.19152219593524933 2600
1753137979122 0.1886449009180069 2700
1753138003364 0.16222286224365234 2800
1753138027592 0.19225242733955383 2900
1753138051745 0.1662604808807373 3000
1753138719334 0.13359014689922333 3100
1753138743450 0.11038751155138016 3200
1753138767663 0.12974071502685547 3300
1753138791907 0.1633261889219284 3400
1753138816052 0.12972983717918396 3500
1753138840290 0.13100026547908783 3600
1753138864693 0.2186872810125351 3700
1753138889080 0.15571479499340057 3800
1753138913315 0.1531485915184021 3900
1753138937557 0.18699508905410767 4000
1753139616330 0.20921996235847473 4100
1753139640690 0.10636773705482483 4200
1753139665182 0.19110336899757385 4300
1753139689344 0.17249301075935364 4400
1753139713467 0.17033147811889648 4500
1753139737732 0.15390509366989136 4600
1753139762003 0.14339320361614227 4700
1753139786265 0.16108955442905426 4800
1753139810494 0.16810068488121033 4900
1753139834876 0.1716560572385788 5000
1753140514016 0.16713087260723114 5100
1753140538443 0.14657746255397797 5200
1753140562746 0.14532600343227386 5300
1753140587020 0.17948445677757263 5400
1753140611428 0.141262948513031 5500
1753140635843 0.19937099516391754 5600
1753140660222 0.13267266750335693 5700
1753140684369 0.15648753941059113 5800
1753140708629 0.21252311766147614 5900
1753140733031 0.16710498929023743 6000
1753141412230 0.1197192594408989 6100
1753141436669 0.17714259028434753 6200
1753141461121 0.1873367726802826 6300
1753141485362 0.23006530106067657 6400
1753141510058 0.12909267842769623 6500
1753141534601 0.16159097850322723 6600
1753141558975 0.2460753619670868 6700
1753141583377 0.10786890983581543 6800
1753141607925 0.13931646943092346 6900
1753141632186 0.18091055750846863 7000
1753142287355 0.17808836698532104 7100
1753142311650 0.27196332812309265 7200
1753142335674 0.17866171896457672 7300
1753142359511 0.1877836287021637 7400
1753142383695 0.19251881539821625 7500
1753142407716 0.15239296853542328 7600
1753142432028 0.1888965368270874 7700
1753142455868 0.13908177614212036 7800
1753142480284 0.15237560868263245 7900
1753142504515 0.14969341456890106 8000
1753143157259 0.14162519574165344 8100
1753143181500 0.1333637535572052 8200
1753143205142 0.13454052805900574 8300
1753143229519 0.13756932318210602 8400
1753143253891 0.13917933404445648 8500
1753143278194 0.1626182347536087 8600
1753143301774 0.14989116787910461 8700
1753143326047 0.12134522199630737 8800
1753143350330 0.12194404006004333 8900
1753143373903 0.16719859838485718 9000
1753144034831 0.1836579144001007 9100
1753144059133 0.18955431878566742 9200
1753144082950 0.1711563915014267 9300
1753144107028 0.13289104402065277 9400
1753144131422 0.1469847857952118 9500
1753144155256 0.15272244811058044 9600
1753144179540 0.20957690477371216 9700
1753144203771 0.19758297502994537 9800
1753144228229 0.11751171201467514 9900
1753144251819 0.1314155012369156 10000
1753144907234 0.1583751142024994 10100
1753144931564 0.11085916310548782 10200
1753144955887 0.1536797732114792 10300
1753144980113 0.1568826287984848 10400
1753145003790 0.16147638857364655 10500
1753145027972 0.21834643185138702 10600
1753145052281 0.19863538444042206 10700
1753145076527 0.11805050075054169 10800
1753145100160 0.17020532488822937 10900
1753145124601 0.1658531278371811 11000
1753145787166 0.1365634649991989 11100
1753145811575 0.14531950652599335 11200
1753145835961 0.1280371993780136 11300
1753145859546 0.18485593795776367 11400
1753145883919 0.1814640909433365 11500
1753145908159 0.151458740234375 11600
1753145932425 0.1512458622455597 11700
1753145956005 0.19715939462184906 11800
1753145980275 0.14523683488368988 11900
1753146004647 0.22404003143310547 12000
1753146674181 0.14392757415771484 12100
1753146698588 0.1444500982761383 12200
1753146722902 0.14658217132091522 12300
1753146746465 0.11669471859931946 12400
1753146770990 0.1822510063648224 12500
1753146795409 0.16355010867118835 12600
1753146818931 0.22845689952373505 12700
1753146843252 0.1532066911458969 12800
1753146867853 0.1495378464460373 12900
1753146892118 0.20297005772590637 13000
1753147551347 0.13493436574935913 13100
1753147575669 0.2247612178325653 13200
1753147600081 0.17772774398326874 13300
1753147623737 0.15245835483074188 13400
1753147647985 0.23139658570289612 13500
1753147672179 0.22726845741271973 13600
1753147696554 0.22898077964782715 13700
1753147720213 0.12943145632743835 13800
1753147744415 0.2513285279273987 13900
1753147769057 0.25548186898231506 14000
1753148434965 0.195224329829216 14100
1753148459380 0.19473306834697723 14200
1753148483881 0.17206928133964539 14300
1753148507500 0.18653064966201782 14400
1753148532203 0.20359376072883606 14500
1753148556709 0.11368465423583984 14600
1753148579980 0.1554708033800125 14700
1753148604309 0.18321840465068817 14800
1753148628556 0.2521125078201294 14900
1753148652900 0.1402469128370285 15000
1753149317951 0.24707765877246857 15100
1753149342252 0.1078868880867958 15200
1753149365819 0.09382964670658112 15300
1753149390329 0.13439732789993286 15400
1753149414904 0.15635041892528534 15500
1753149438211 0.15705665946006775 15600
1753149462588 0.113704152405262 15700
1753149486882 0.1633666753768921 15800
1753149511713 0.13872963190078735 15900
1753149534868 0.1894291341304779 16000
1753150188439 0.1422019749879837 16100
1753150212725 0.1291445642709732 16200
1753150237289 0.25349730253219604 16300
1753150260761 0.14112961292266846 16400
1753150285091 0.13946041464805603 16500
1753150309527 0.17118851840496063 16600
1753150333017 0.16385798156261444 16700
1753150357403 0.12752537429332733 16800
1753150381805 0.17410387098789215 16900
1753150406214 0.17160624265670776 17000
1753151071321 0.18147778511047363 17100
1753151094769 0.15166057646274567 17200
1753151119299 0.17315801978111267 17300
1753151143731 0.15982310473918915 17400
1753151168237 0.16997675597667694 17500
1753151191684 0.15956668555736542 17600
1753151216099 0.16493543982505798 17700
1753151240420 0.2710616886615753 17800
1753151263784 0.17071089148521423 17900
1753151288147 0.255263090133667 18000
1753151945771 0.15006566047668457 18100
1753151970431 0.12506011128425598 18200
1753151993548 0.1835280805826187 18300
1753152017992 0.140866219997406 18400
1753152042614 0.19315308332443237 18500
1753152067002 0.18901647627353668 18600
1753152090396 0.14929652214050293 18700
1753152114912 0.20131143927574158 18800
1753152139521 0.14480170607566833 18900
1753152162706 0.19917480647563934 19000
1753152824812 0.1977219134569168 19100
1753152849285 0.21534620225429535 19200
1753152873726 0.16335123777389526 19300
1753152896921 0.12344704568386078 19400
1753152921425 0.24071170389652252 19500
1753152945937 0.17865781486034393 19600
1753152970480 0.18857131898403168 19700
1753152993707 0.1688353270292282 19800
1753153018274 0.12084775418043137 19900
1753153042948 0.28008368611335754 20000
1753153699026 0.22202534973621368 20100
1753153723535 0.1974335014820099 20200
1753153748121 0.1948569416999817 20300
1753153772720 0.28956466913223267 20400
1753153796026 0.15452629327774048 20500
1753153820607 0.13522444665431976 20600
1753153845130 0.13728824257850647 20700
1753153868262 0.15745048224925995 20800
1753153892803 0.11632613837718964 20900
1753153917270 0.12448758631944656 21000
1753154581434 0.16405661404132843 21100
1753154604496 0.21723967790603638 21200
1753154628907 0.29243019223213196 21300
1753154653517 0.19502662122249603 21400
1753154677908 0.21708765625953674 21500
1753154701290 0.23581677675247192 21600
1753154725918 0.16679413616657257 21700
1753154750591 0.2614326477050781 21800
1753154773908 0.17004956305027008 21900
1753154798486 0.26090431213378906 22000
1753155459583 0.16257713735103607 22100
1753155484394 0.22868026793003082 22200
1753155507576 0.1707461178302765 22300
1753155532211 0.11525445431470871 22400
1753155556836 0.21171845495700836 22500
1753155581219 0.17146536707878113 22600
1753155604461 0.1809021234512329 22700
1753155628976 0.2705130875110626 22800
1753155653656 0.1642552614212036 22900
1753155676775 0.13680024445056915 23000
1753156333689 0.30107706785202026 23100
1753156358306 0.2578440010547638 23200
1753156381397 0.21427035331726074 23300
1753156406079 0.2604902684688568 23400
1753156430692 0.20645372569561005 23500
1753156453968 0.17441526055335999 23600
1753156478374 0.16456960141658783 23700
1753156502978 0.1874050348997116 23800
1753156527476 0.12205258011817932 23900
1753156550585 0.2162153273820877 24000
1753157212326 0.16683605313301086 24100
1753157236861 0.35168012976646423 24200
1753157259895 0.23393774032592773 24300
1753157284421 0.1486375331878662 24400
1753157308941 0.21116526424884796 24500
1753157333559 0.18188734352588654 24600
1753157356724 0.2263951301574707 24700
1753157381389 0.15157341957092285 24800
1753157406051 0.19512760639190674 24900
1753157429175 0.17426584661006927 25000
