1753136027918 0.0004981121171257946 100
1753136052581 0.0004961857060296667 200
1753136077296 0.0004942592949335388 300
1753136102034 0.000492332883837411 400
1753136126851 0.0004904064727412831 500
1753136151807 0.000488480061645155 600
1753136176642 0.00048655365054902717 700
1753136201483 0.00048462723945289925 800
1753136226623 0.0004827008283567714 900
1753136251589 0.0004807744172606434 1000
1753136942953 0.0004788480061645155 1100
1753136967368 0.00047692159506838763 1200
1753136991643 0.0004749951839722597 1300
1753137015957 0.00047306877287613174 1400
1753137040122 0.0004711423617800039 1500
1753137064171 0.00046921595068387595 1600
1753137088404 0.00046728953958774804 1700
1753137112541 0.0004653631284916201 1800
1753137136656 0.0004634367173954922 1900
1753137160855 0.0004615103062993643 2000
1753137833605 0.0004595838952032364 2100
1753137857891 0.00045765748410710844 2200
1753137881988 0.0004557310730109805 2300
1753137906197 0.00045380466191485266 2400
1753137930525 0.00045187825081872474 2500
1753137954834 0.00044995183972259677 2600
1753137979122 0.0004480254286264689 2700
1753138003364 0.000446099017530341 2800
1753138027592 0.00044417260643421307 2900
1753138051745 0.00044224619533808515 3000
1753138719334 0.00044031978424195723 3100
1753138743450 0.0004383933731458293 3200
1753138767663 0.00043646696204970145 3300
1753138791907 0.0004345405509535735 3400
1753138816052 0.00043261413985744556 3500
1753138840290 0.0004306877287613177 3600
1753138864693 0.0004287613176651898 3700
1753138889080 0.0004268349065690618 3800
1753138913315 0.00042490849547293394 3900
1753138937557 0.000422982084376806 4000
1753139616330 0.0004210556732806781 4100
1753139640690 0.0004191292621845502 4200
1753139665182 0.00041720285108842227 4300
1753139689344 0.00041527643999229435 4400
1753139713467 0.0004133500288961665 4500
1753139737732 0.00041142361780003857 4600
1753139762003 0.0004094972067039106 4700
1753139786265 0.00040757079560778273 4800
1753139810494 0.0004056443845116548 4900
1753139834876 0.0004037179734155269 5000
1753140514016 0.000401791562319399 5100
1753140538443 0.00039986515122327106 5200
1753140562746 0.00039793874012714314 5300
1753140587020 0.00039601232903101527 5400
1753140611428 0.0003940859179348873 5500
1753140635843 0.0003921595068387594 5600
1753140660222 0.0003902330957426315 5700
1753140684369 0.0003883066846465036 5800
1753140708629 0.0003863802735503756 5900
1753140733031 0.00038445386245424776 6000
1753141412230 0.0003825467154690811 6100
1753141436669 0.0003806203043729532 6200
1753141461121 0.00037869389327682527 6300
1753141485362 0.0003767674821806974 6400
1753141510058 0.00037484107108456944 6500
1753141534601 0.0003729146599884415 6600
1753141558975 0.00037098824889231365 6700
1753141583377 0.00036906183779618573 6800
1753141607925 0.00036713542670005776 6900
1753141632186 0.0003652090156039299 7000
1753142287355 0.000363282604507802 7100
1753142311650 0.00036135619341167406 7200
1753142335674 0.00035942978231554614 7300
1753142359511 0.0003575033712194182 7400
1753142383695 0.0003555769601232903 7500
1753142407716 0.00035365054902716244 7600
1753142432028 0.00035172413793103447 7700
1753142455868 0.00034979772683490655 7800
1753142480284 0.0003478713157387787 7900
1753142504515 0.00034594490464265077 8000
1753143157259 0.0003440184935465228 8100
1753143181500 0.00034209208245039493 8200
1753143205142 0.000340165671354267 8300
1753143229519 0.0003382392602581391 8400
1753143253891 0.0003363128491620112 8500
1753143278194 0.00033438643806588326 8600
1753143301774 0.00033246002696975534 8700
1753143326047 0.0003305336158736275 8800
1753143350330 0.0003286072047774995 8900
1753143373903 0.0003266807936813716 9000
1753144034831 0.0003247543825852437 9100
1753144059133 0.0003228279714891158 9200
1753144082950 0.00032090156039298783 9300
1753144107028 0.00031897514929685996 9400
1753144131422 0.00031704873820073205 9500
1753144155256 0.00031512232710460413 9600
1753144179540 0.0003131959160084762 9700
1753144203771 0.0003112695049123483 9800
1753144228229 0.00030934309381622037 9900
1753144251819 0.0003074166827200925 10000
1753144907234 0.00030549027162396454 10100
1753144931564 0.0003035638605278366 10200
1753144955887 0.00030163744943170875 10300
1753144980113 0.00029971103833558083 10400
1753145003790 0.00029782315546137545 10500
1753145027972 0.00029589674436524753 10600
1753145052281 0.00029397033326911966 10700
1753145076527 0.00029204392217299175 10800
1753145100160 0.0002901175110768638 10900
1753145124601 0.0002881910999807359 11000
1753145787166 0.000286264688884608 11100
1753145811575 0.00028433827778848007 11200
1753145835961 0.00028241186669235215 11300
1753145859546 0.00028048545559622424 11400
1753145883919 0.0002785590445000963 11500
1753145908159 0.00027663263340396845 11600
1753145932425 0.0002747062223078405 11700
1753145956005 0.00027277981121171256 11800
1753145980275 0.0002708534001155847 11900
1753146004647 0.0002689269890194568 12000
1753146674181 0.0002670005779233288 12100
1753146698588 0.0002650934309381622 12200
1753146722902 0.0002631670198420343 12300
1753146746465 0.00026124060874590637 12400
1753146770990 0.0002593141976497785 12500
1753146795409 0.00025738778655365053 12600
1753146818931 0.0002554613754575226 12700
1753146843252 0.00025353496436139475 12800
1753146867853 0.00025160855326526683 12900
1753146892118 0.0002496821421691389 13000
1753147551347 0.000247755731073011 13100
1753147575669 0.0002458293199768831 13200
1753147600081 0.00024390290888075516 13300
1753147623737 0.00024197649778462724 13400
1753147647985 0.00024005008668849935 13500
1753147672179 0.0002381236755923714 13600
1753147696554 0.0002361972644962435 13700
1753147720213 0.0002342708534001156 13800
1753147744415 0.00023234444230398768 13900
1753147769057 0.00023041803120785976 14000
1753148434965 0.00022849162011173187 14100
1753148459380 0.00022656520901560392 14200
1753148483881 0.00022463879791947603 14300
1753148507500 0.0002227123868233481 14400
1753148532203 0.0002207859757272202 14500
1753148556709 0.00021885956463109227 14600
1753148579980 0.00021693315353496438 14700
1753148604309 0.00021500674243883644 14800
1753148628556 0.00021308033134270855 14900
1753148652900 0.00021115392024658063 15000
1753149317951 0.0002092275091504527 15100
1753149342252 0.0002073010980543248 15200
1753149365819 0.0002053746869581969 15300
1753149390329 0.00020346753997303025 15400
1753149414904 0.00020154112887690236 15500
1753149438211 0.0001996147177807744 15600
1753149462588 0.00019768830668464652 15700
1753149486882 0.0001957618955885186 15800
1753149511713 0.00019383548449239068 15900
1753149534868 0.00019190907339626276 16000
1753150188439 0.00018998266230013487 16100
1753150212725 0.00018805625120400693 16200
1753150237289 0.00018612984010787904 16300
1753150260761 0.00018420342901175112 16400
1753150285091 0.0001822770179156232 16500
1753150309527 0.00018035060681949528 16600
1753150333017 0.0001784241957233674 16700
1753150357403 0.00017649778462723944 16800
1753150381805 0.00017457137353111155 16900
1753150406214 0.00017264496243498363 17000
1753151071321 0.00017071855133885572 17100
1753151094769 0.0001687921402427278 17200
1753151119299 0.0001668657291465999 17300
1753151143731 0.00016493931805047196 17400
1753151168237 0.00016301290695434407 17500
1753151191684 0.00016110575996917742 17600
1753151216099 0.00015917934887304952 17700
1753151240420 0.0001572529377769216 17800
1753151263784 0.0001553265266807937 17900
1753151288147 0.00015340011558466577 18000
1753151945771 0.00015147370448853788 18100
1753151970431 0.00014954729339240993 18200
1753151993548 0.00014762088229628204 18300
1753152017992 0.00014569447120015412 18400
1753152042614 0.0001437680601040262 18500
1753152067002 0.00014184164900789829 18600
1753152090396 0.0001399152379117704 18700
1753152114912 0.00013798882681564245 18800
1753152139521 0.00013606241571951456 18900
1753152162706 0.00013413600462338664 19000
1753152824812 0.00013220959352725872 19100
1753152849285 0.0001302831824311308 19200
1753152873726 0.0001283567713350029 19300
1753152896921 0.00012643036023887497 19400
1753152921425 0.00012450394914274707 19500
1753152945937 0.00012257753804661916 19600
1753152970480 0.00012065112695049124 19700
1753152993707 0.00011872471585436333 19800
1753153018274 0.00011679830475823541 19900
1753153042948 0.0001148718936621075 20000
1753153699026 0.00011294548256597959 20100
1753153723535 0.00011101907146985167 20200
1753153748121 0.00010909266037372375 20300
1753153772720 0.00010716624927759585 20400
1753153796026 0.00010523983818146793 20500
1753153820607 0.00010331342708534001 20600
1753153845130 0.0001013870159892121 20700
1753153868262 9.946060489308419e-05 20800
1753153892803 9.753419379695627e-05 20900
1753153917270 9.560778270082835e-05 21000
1753154581434 9.368137160470045e-05 21100
1753154604496 9.175496050857253e-05 21200
1753154628907 8.982854941244461e-05 21300
1753154653517 8.79021383163167e-05 21400
1753154677908 8.597572722018879e-05 21500
1753154701290 8.404931612406087e-05 21600
1753154725918 8.212290502793296e-05 21700
1753154750591 8.019649393180505e-05 21800
1753154773908 7.827008283567713e-05 21900
1753154798486 7.634367173954922e-05 22000
1753155459583 7.44172606434213e-05 22100
1753155484394 7.249084954729339e-05 22200
1753155507576 7.056443845116548e-05 22300
1753155532211 6.863802735503756e-05 22400
1753155556836 6.671161625890964e-05 22500
1753155581219 6.478520516278173e-05 22600
1753155604461 6.285879406665383e-05 22700
1753155628976 6.093238297052591e-05 22800
1753155653656 5.9005971874398e-05 22900
1753155676775 5.7079560778270086e-05 23000
1753156333689 5.515314968214217e-05 23100
1753156358306 5.3226738586014256e-05 23200
1753156381397 5.130032748988634e-05 23300
1753156406079 4.9373916393758426e-05 23400
1753156430692 4.7447505297630515e-05 23500
1753156453968 4.5521094201502596e-05 23600
1753156478374 4.359468310537469e-05 23700
1753156502978 4.166827200924678e-05 23800
1753156527476 3.974186091311886e-05 23900
1753156550585 3.781544981699095e-05 24000
1753157212326 3.588903872086304e-05 24100
1753157236861 3.39818917356964e-05 24200
1753157259895 3.205548063956849e-05 24300
1753157284421 3.0129069543440572e-05 24400
1753157308941 2.8202658447312657e-05 24500
1753157333559 2.6276247351184745e-05 24600
1753157356724 2.434983625505683e-05 24700
1753157381389 2.2423425158928915e-05 24800
1753157406051 2.0497014062801003e-05 24900
1753157429175 1.857060296667309e-05 25000
