1753136027918 8.9358 100
1753136052581 6.9258 200
1753136077296 6.8852 300
1753136102034 6.8656 400
1753136126851 6.841 500
1753136151807 6.8516 600
1753136176642 6.7875 700
1753136201483 6.8531 800
1753136226623 6.7543 900
1753136251589 6.7974 1000
1753136942953 6.7808 1100
1753136967368 6.7655 1200
1753136991643 6.7975 1300
1753137015957 6.7722 1400
1753137040122 6.7768 1500
1753137064171 6.7773 1600
1753137088404 6.7797 1700
1753137112541 6.8302 1800
1753137136656 6.7861 1900
1753137160855 6.7799 2000
1753137833605 6.7636 2100
1753137857891 6.8159 2200
1753137881988 6.7626 2300
1753137906197 6.7886 2400
1753137930525 6.7741 2500
1753137954834 6.7685 2600
1753137979122 6.7129 2700
1753138003364 6.7727 2800
1753138027592 6.7991 2900
1753138051745 6.7716 3000
1753138719334 6.7563 3100
1753138743450 6.7844 3200
1753138767663 6.7612 3300
1753138791907 6.7554 3400
1753138816052 6.7808 3500
1753138840290 6.8 3600
1753138864693 6.7851 3700
1753138889080 6.781 3800
1753138913315 6.7429 3900
1753138937557 6.7614 4000
1753139616330 6.7485 4100
1753139640690 6.7702 4200
1753139665182 6.7519 4300
1753139689344 6.7542 4400
1753139713467 6.7591 4500
1753139737732 6.7754 4600
1753139762003 6.7573 4700
1753139786265 6.7773 4800
1753139810494 6.7308 4900
1753139834876 6.7704 5000
1753140514016 6.7999 5100
1753140538443 6.7546 5200
1753140562746 6.7282 5300
1753140587020 6.7756 5400
1753140611428 6.7372 5500
1753140635843 6.7414 5600
1753140660222 6.7653 5700
1753140684369 6.7661 5800
1753140708629 6.7651 5900
1753140733031 6.7188 6000
1753141412230 6.783 6100
1753141436669 6.7106 6200
1753141461121 6.7323 6300
1753141485362 6.7223 6400
1753141510058 6.7465 6500
1753141534601 6.74 6600
1753141558975 6.7148 6700
1753141583377 6.7632 6800
1753141607925 6.805 6900
1753141632186 6.7508 7000
1753142287355 6.7253 7100
1753142311650 6.6894 7200
1753142335674 6.769 7300
1753142359511 6.737 7400
1753142383695 6.7946 7500
1753142407716 6.742 7600
1753142432028 6.7169 7700
1753142455868 6.7287 7800
1753142480284 6.7178 7900
1753142504515 6.7699 8000
1753143157259 6.7556 8100
1753143181500 6.7389 8200
1753143205142 6.746 8300
1753143229519 6.7519 8400
1753143253891 6.7548 8500
1753143278194 6.7556 8600
1753143301774 6.7135 8700
1753143326047 6.7223 8800
1753143350330 6.8123 8900
1753143373903 6.7879 9000
1753144034831 6.7557 9100
1753144059133 6.6833 9200
1753144082950 6.7463 9300
1753144107028 6.7266 9400
1753144131422 6.8138 9500
1753144155256 6.7529 9600
1753144179540 6.7387 9700
1753144203771 6.7581 9800
1753144228229 6.7222 9900
1753144251819 6.7622 10000
1753144907234 6.721 10100
1753144931564 6.7793 10200
1753144955887 6.7914 10300
1753144980113 6.7323 10400
1753145003790 6.7512 10500
1753145027972 6.7583 10600
1753145052281 6.7344 10700
1753145076527 6.7669 10800
1753145100160 6.7188 10900
1753145124601 6.7561 11000
1753145787166 6.743 11100
1753145811575 6.7738 11200
1753145835961 6.7237 11300
1753145859546 6.7341 11400
1753145883919 6.7516 11500
1753145908159 6.7156 11600
1753145932425 6.7216 11700
1753145956005 6.7409 11800
1753145980275 6.7086 11900
1753146004647 6.7436 12000
1753146674181 6.6461 12100
1753146698588 6.7351 12200
1753146722902 6.7304 12300
1753146746465 6.7616 12400
1753146770990 6.7553 12500
1753146795409 6.6994 12600
1753146818931 6.7303 12700
1753146843252 6.7272 12800
1753146867853 6.7429 12900
1753146892118 6.7453 13000
1753147551347 6.7058 13100
1753147575669 6.7141 13200
1753147600081 6.7317 13300
1753147623737 6.7052 13400
1753147647985 6.7346 13500
1753147672179 6.7559 13600
1753147696554 6.6968 13700
1753147720213 6.7344 13800
1753147744415 6.7718 13900
1753147769057 6.7319 14000
1753148434965 6.7425 14100
1753148459380 6.7693 14200
1753148483881 6.7246 14300
1753148507500 6.7507 14400
1753148532203 6.7631 14500
1753148556709 6.7375 14600
1753148579980 6.7061 14700
1753148604309 6.6935 14800
1753148628556 6.7493 14900
1753148652900 6.7085 15000
1753149317951 6.712 15100
1753149342252 6.705 15200
1753149365819 6.7479 15300
1753149390329 6.7416 15400
1753149414904 6.7553 15500
1753149438211 6.7495 15600
1753149462588 6.692 15700
1753149486882 6.7274 15800
1753149511713 6.7312 15900
1753149534868 6.7553 16000
1753150188439 6.7502 16100
1753150212725 6.7439 16200
1753150237289 6.7123 16300
1753150260761 6.7313 16400
1753150285091 6.751 16500
1753150309527 6.7446 16600
1753150333017 6.7462 16700
1753150357403 6.7048 16800
1753150381805 6.7258 16900
1753150406214 6.7296 17000
1753151071321 6.7713 17100
1753151094769 6.6523 17200
1753151119299 6.7028 17300
1753151143731 6.744 17400
1753151168237 6.7245 17500
1753151191684 6.7281 17600
1753151216099 6.7091 17700
1753151240420 6.676 17800
1753151263784 6.7153 17900
1753151288147 6.7317 18000
1753151945771 6.744 18100
1753151970431 6.7381 18200
1753151993548 6.7248 18300
1753152017992 6.6853 18400
1753152042614 6.7132 18500
1753152067002 6.7437 18600
1753152090396 6.6968 18700
1753152114912 6.7334 18800
1753152139521 6.7231 18900
1753152162706 6.7386 19000
1753152824812 6.7062 19100
1753152849285 6.7186 19200
1753152873726 6.6841 19300
1753152896921 6.7462 19400
1753152921425 6.6972 19500
1753152945937 6.7114 19600
1753152970480 6.7384 19700
1753152993707 6.7547 19800
1753153018274 6.7114 19900
1753153042948 6.7558 20000
1753153699026 6.7521 20100
1753153723535 6.7376 20200
1753153748121 6.7289 20300
1753153772720 6.7295 20400
1753153796026 6.6796 20500
1753153820607 6.6955 20600
1753153845130 6.7396 20700
1753153868262 6.707 20800
1753153892803 6.7023 20900
1753153917270 6.7086 21000
1753154581434 6.7061 21100
1753154604496 6.7245 21200
1753154628907 6.7105 21300
1753154653517 6.7523 21400
1753154677908 6.7041 21500
1753154701290 6.7285 21600
1753154725918 6.6857 21700
1753154750591 6.7633 21800
1753154773908 6.6816 21900
1753154798486 6.6984 22000
1753155459583 6.7455 22100
1753155484394 6.7301 22200
1753155507576 6.6919 22300
1753155532211 6.7058 22400
1753155556836 6.7504 22500
1753155581219 6.7216 22600
1753155604461 6.7566 22700
1753155628976 6.7088 22800
1753155653656 6.7536 22900
1753155676775 6.6878 23000
1753156333689 6.6938 23100
1753156358306 6.722 23200
1753156381397 6.7223 23300
1753156406079 6.7074 23400
1753156430692 6.7325 23500
1753156453968 6.7001 23600
1753156478374 6.7193 23700
1753156502978 6.7459 23800
1753156527476 6.7591 23900
1753156550585 6.6931 24000
1753157212326 6.7515 24100
1753157236861 6.7101 24200
1753157259895 6.7275 24300
1753157284421 6.6749 24400
1753157308941 6.7049 24500
1753157333559 6.6996 24600
1753157356724 6.7206 24700
1753157381389 6.6704 24800
1753157406051 6.7008 24900
1753157429175 6.7212 25000
