1752961255638 0.019264110961279137 100
1752961282733 0.038528221922558274 200
1752961309420 0.05779233288383741 300
1752961355336 0.07705644384511655 400
1752961382305 0.09632055480639569 500
1752961408391 0.11558466576767482 600
1752961435816 0.13484877672895396 700
1752961464360 0.1541128876902331 800
1752961518113 0.17337699865151224 900
1752961555196 0.19264110961279138 1000
1752962499297 0.19264110961279138 1000
1752962524869 0.21190522057407052 1100
1752962549937 0.23116933153534963 1200
1752962576008 0.2504334424966288 1300
1752962601433 0.2696975534579079 1400
1752962627878 0.2889616644191871 1500
1752962655037 0.3082257753804662 1600
1752962680046 0.3274898863417453 1700
1752962704523 0.3467539973030245 1800
1752962731410 0.3660181082643036 1900
1752962755858 0.38528221922558276 2000
1752963428837 0.38528221922558276 2000
1752963454747 0.40454633018686187 2100
1752963479109 0.42381044114814104 2200
1752963503522 0.44307455210942015 2300
1752963528026 0.46233866307069926 2400
1752963552751 0.48160277403197843 2500
1752963577172 0.5008668849932576 2600
1752963601665 0.5201309959545367 2700
1752963626193 0.5393951069158158 2800
1752963651137 0.5586592178770949 2900
1752963676290 0.5779233288383742 3000
1752964312160 0.5779233288383742 3000
1752964337571 0.5971874397996533 3100
1752964362169 0.6164515507609324 3200
1752964387351 0.6357156617222115 3300
1752964412671 0.6549797726834906 3400
1752964437541 0.6742438836447698 3500
1752964462541 0.693507994606049 3600
1752964487539 0.7127721055673281 3700
1752964512278 0.7320362165286072 3800
1752964537342 0.7513003274898863 3900
1752964562489 0.7705644384511655 4000
1752965228934 0.7705644384511655 4000
1752965253939 0.7898285494124446 4100
1752965278402 0.8090926603737237 4200
1752965302906 0.8283567713350029 4300
1752965327354 0.8476208822962821 4400
1752965351657 0.8668849932575612 4500
1752965376398 0.8861491042188403 4600
1752965400859 0.9054132151801194 4700
1752965425281 0.9246773261413985 4800
1752965449485 0.9439414371026777 4900
1752965474051 0.9632055480639569 5000
