1752961255638 0.19789625704288483 100
1752961282733 0.1664545238018036 200
1752961309420 0.18678995966911316 300
1752961355336 0.14180414378643036 400
1752961382305 0.14663976430892944 500
1752961408391 0.16157343983650208 600
1752961435816 0.13742205500602722 700
1752961464360 0.15255106985569 800
1752961518113 0.1554778814315796 900
1752961555196 0.15163296461105347 1000
1752962524869 0.14963708817958832 1100
1752962549937 0.19273529946804047 1200
1752962576008 0.19560937583446503 1300
1752962601433 0.20015229284763336 1400
1752962627878 0.16863426566123962 1500
1752962655037 0.12575936317443848 1600
1752962680046 0.09795516729354858 1700
1752962704523 0.10995820164680481 1800
1752962731410 0.16445527970790863 1900
1752962755858 0.1199764758348465 2000
1752963454747 0.1624966263771057 2100
1752963479109 0.17724266648292542 2200
1752963503522 0.17730887234210968 2300
1752963528026 0.2584597170352936 2400
1752963552751 0.08482622355222702 2500
1752963577172 0.22953103482723236 2600
1752963601665 0.17116722464561462 2700
1752963626193 0.16997334361076355 2800
1752963651137 0.18517473340034485 2900
1752963676290 0.1937190294265747 3000
1752964337571 0.13841316103935242 3100
1752964362169 0.11641990393400192 3200
1752964387351 0.12366574257612228 3300
1752964412671 0.17171570658683777 3400
1752964437541 0.1252264529466629 3500
1752964462541 0.1176394373178482 3600
1752964487539 0.20006899535655975 3700
1752964512278 0.1541336178779602 3800
1752964537342 0.15873226523399353 3900
1752964562489 0.14421042799949646 4000
1752965253939 0.24998649954795837 4100
1752965278402 0.1117759421467781 4200
1752965302906 0.20133531093597412 4300
1752965327354 0.2209814041852951 4400
1752965351657 0.15141737461090088 4500
1752965376398 0.1690196841955185 4600
1752965400859 0.17926545441150665 4700
1752965425281 0.16262811422348022 4800
1752965449485 0.15833204984664917 4900
1752965474051 0.1839972585439682 5000
