1752961255638 0.0004968535285429911 100
1752961282733 0.0004936428433827779 200
1752961309420 0.0004904642650741669 300
1752961355336 0.00048725357991395365 400
1752961382305 0.00048404289475374046 500
1752961408391 0.00048083220959352726 600
1752961435816 0.00047762152443331406 700
1752961464360 0.0004744108392731009 800
1752961518113 0.00047120015411288767 900
1752961555196 0.0004679894689526745 1000
1752962524869 0.00046477878379246133 1100
1752962549937 0.00046156809863224813 1200
1752962576008 0.000458357413472035 1300
1752962601433 0.00045514672831182174 1400
1752962627878 0.0004519360431516086 1500
1752962655037 0.00044872535799139534 1600
1752962680046 0.0004455146728311822 1700
1752962704523 0.000442303987670969 1800
1752962731410 0.0004390933025107558 1900
1752962755858 0.0004358826173505426 2000
1752963454747 0.0004326719321903294 2100
1752963479109 0.00042946124703011627 2200
1752963503522 0.000426250561869903 2300
1752963528026 0.00042303987670968987 2400
1752963552751 0.0004198291915494767 2500
1752963577172 0.0004166185063892635 2600
1752963601665 0.0004134078212290503 2700
1752963626193 0.0004101971360688371 2800
1752963651137 0.0004069864509086239 2900
1752963676290 0.00040377576574841074 3000
1752964337571 0.0004005650805881975 3100
1752964362169 0.00039735439542798435 3200
1752964387351 0.00039414371026777115 3300
1752964412671 0.00039093302510755795 3400
1752964437541 0.0003877223399473448 3500
1752964462541 0.00038451165478713156 3600
1752964487539 0.0003813009696269184 3700
1752964512278 0.00037809028446670516 3800
1752964537342 0.000374879599306492 3900
1752964562489 0.0003716689141462788 4000
1752965253939 0.0003684582289860656 4100
1752965278402 0.0003652475438258525 4200
1752965302906 0.00036203685866563923 4300
1752965327354 0.0003588261735054261 4400
1752965351657 0.0003556154883452129 4500
1752965376398 0.0003524048031849997 4600
1752965400859 0.0003491941180247865 4700
1752965425281 0.0003459834328645733 4800
1752965449485 0.0003427727477043601 4900
1752965474051 0.00033956206254414696 5000
