1752961255638 8.9156 100
1752961282733 6.924 200
1752961309420 6.8913 300
1752961355336 6.8699 400
1752961382305 6.8411 500
1752961408391 6.8392 600
1752961435816 6.779 700
1752961464360 6.8507 800
1752961518113 6.7623 900
1752961555196 6.7993 1000
1752962524869 6.7825 1100
1752962549937 6.7672 1200
1752962576008 6.7992 1300
1752962601433 6.7772 1400
1752962627878 6.7779 1500
1752962655037 6.7772 1600
1752962680046 6.7803 1700
1752962704523 6.8309 1800
1752962731410 6.7872 1900
1752962755858 6.7811 2000
1752963454747 6.7642 2100
1752963479109 6.8172 2200
1752963503522 6.7631 2300
1752963528026 6.7895 2400
1752963552751 6.7737 2500
1752963577172 6.7703 2600
1752963601665 6.7191 2700
1752963626193 6.7733 2800
1752963651137 6.7996 2900
1752963676290 6.7728 3000
1752964337571 6.7565 3100
1752964362169 6.7844 3200
1752964387351 6.7613 3300
1752964412671 6.7558 3400
1752964437541 6.7806 3500
1752964462541 6.7994 3600
1752964487539 6.785 3700
1752964512278 6.7817 3800
1752964537342 6.742 3900
1752964562489 6.7615 4000
1752965253939 6.7489 4100
1752965278402 6.7708 4200
1752965302906 6.7518 4300
1752965327354 6.7557 4400
1752965351657 6.7602 4500
1752965376398 6.7754 4600
1752965400859 6.7586 4700
1752965425281 6.7773 4800
1752965449485 6.7305 4900
1752965474051 6.7701 5000
