1752938884019 2.1383163167019843 11100
1752938908401 2.1575804276632633 11200
1752938933127 2.1768445386245423 11300
1752938957739 2.1961086495858217 11400
1752938982489 2.2153727605471008 11500
1752939006895 2.2346368715083798 11600
1752939031453 2.253900982469659 11700
1752939056153 2.273165093430938 11800
1752939080717 2.292429204392217 11900
1752939105308 2.311693315353496 12000
1752940130975 2.311693315353496 12000
1752940156476 2.3309574263147756 12100
1752940181008 2.3502215372760547 12200
1752940206323 2.369485648237334 12300
1752940230952 2.388749759198613 12400
1752940255639 2.408013870159892 12500
1752940280239 2.427277981121171 12600
1752940304979 2.4465420920824505 12700
1752940329574 2.4658062030437295 12800
1752940354158 2.4850703140050086 12900
1752940378647 2.504334424966288 13000
1752941401134 2.504334424966288 13000
1752941429506 2.523598535927567 13100
1752941454466 2.542862646888846 13200
1752941478895 2.562126757850125 13300
1752941503357 2.5813908688114044 13400
1752941527800 2.6006549797726835 13500
1752941552268 2.619919090733963 13600
1752941576675 2.639183201695242 13700
1752941601109 2.658447312656521 13800
1752941625908 2.6777114236178 13900
1752941650570 2.696975534579079 14000
