1752938884019 0.19195957481861115 11100
1752938908401 0.1766071617603302 11200
1752938933127 0.2554428279399872 11300
1752938957739 0.17786791920661926 11400
1752938982489 0.12995176017284393 11500
1752939006895 0.24137568473815918 11600
1752939031453 0.18579091131687164 11700
1752939056153 0.21670737862586975 11800
1752939080717 0.21719780564308167 11900
1752939105308 0.32991817593574524 12000
1752940156476 0.2497832030057907 12100
1752940181008 0.17631101608276367 12200
1752940206323 0.22630876302719116 12300
1752940230952 0.24622590839862823 12400
1752940255639 0.24631735682487488 12500
1752940280239 0.23939277231693268 12600
1752940304979 0.6693839430809021 12700
1752940329574 0.18700742721557617 12800
1752940354158 0.2544853091239929 12900
1752940378647 0.16663920879364014 13000
1752941429506 0.24680764973163605 13100
1752941454466 0.16926559805870056 13200
1752941478895 0.19315877556800842 13300
1752941503357 0.2308097928762436 13400
1752941527800 0.18675966560840607 13500
1752941552268 0.3033082187175751 13600
1752941576675 0.21406614780426025 13700
1752941601109 0.29455891251564026 13800
1752941625908 0.24004027247428894 13900
1752941650570 0.1689564734697342 14000
