1752938884019 0.00014380658832594876 11100
1752938908401 0.00014059590316573556 11200
1752938933127 0.0001373852180055224 11300
1752938957739 0.0001341745328453092 11400
1752938982489 0.000130963847685096 11500
1752939006895 0.0001277531625248828 11600
1752939031453 0.00012454247736466963 11700
1752939056153 0.00012133179220445643 11800
1752939080717 0.00011812110704424324 11900
1752939105308 0.00011491042188403005 12000
1752940156476 0.00011169973672381687 12100
1752940181008 0.00010848905156360367 12200
1752940206323 0.00010527836640339049 12300
1752940230952 0.00010206768124317729 12400
1752940255639 9.885699608296411e-05 12500
1752940280239 9.564631092275092e-05 12600
1752940304979 9.243562576253773e-05 12700
1752940329574 8.922494060232454e-05 12800
1752940354158 8.601425544211134e-05 12900
1752940378647 8.280357028189815e-05 13000
1752941429506 7.959288512168498e-05 13100
1752941454466 7.638219996147178e-05 13200
1752941478895 7.31715148012586e-05 13300
1752941503357 6.99608296410454e-05 13400
1752941527800 6.67501444808322e-05 13500
1752941552268 6.353945932061903e-05 13600
1752941576675 6.032877416040583e-05 13700
1752941601109 5.7118089000192644e-05 13800
1752941625908 5.390740383997945e-05 13900
1752941650570 5.069671867976626e-05 14000
