1752938884019 6.8275 11100
1752938908401 6.7617 11200
1752938933127 6.6899 11300
1752938957739 6.6935 11400
1752938982489 6.681 11500
1752939006895 6.7151 11600
1752939031453 6.7132 11700
1752939056153 6.72 11800
1752939080717 6.6983 11900
1752939105308 6.6822 12000
1752940156476 6.7001 12100
1752940181008 6.7676 12200
1752940206323 6.7141 12300
1752940230952 6.7089 12400
1752940255639 6.7244 12500
1752940280239 6.699 12600
1752940304979 6.6913 12700
1752940329574 6.7202 12800
1752940354158 6.6876 12900
1752940378647 6.6883 13000
1752941429506 6.6231 13100
1752941454466 6.714 13200
1752941478895 6.7112 13300
1752941503357 6.7149 13400
1752941527800 6.6879 13500
1752941552268 6.6787 13600
1752941576675 6.6944 13700
1752941601109 6.6866 13800
1752941625908 6.7092 13900
1752941650570 6.7279 14000
