1753716402567 0.027495188342040143 100
1753716629996 0.054990376684080286 200
1753716884218 0.08248556502612042 300
1753717110086 0.10998075336816057 400
1753717367832 0.13747594171020072 500
1753717609302 0.16497113005224084 600
1753717862862 0.192466318394281 700
1753718101345 0.21996150673632114 800
1753718346693 0.2474566950783613 900
1753718570573 0.27495188342040144 1000
1753720858400 0.27495188342040144 1000
1753721094676 0.30244707176244157 1100
1753721335267 0.3299422601044817 1200
1753721557290 0.35743744844652187 1300
1753721816402 0.384932636788562 1400
1753722036430 0.41242782513060217 1500
1753722286044 0.4399230134726423 1600
1753722520215 0.4674182018146824 1700
1753722786089 0.4949133901567226 1800
1753723060037 0.5224085784987628 1900
1753723338862 0.5499037668408029 2000
1753725323246 0.5499037668408029 2000
1753725551745 0.577398955182843 2100
1753725779786 0.6048941435248831 2200
1753725993712 0.6323893318669233 2300
1753726281955 0.6598845202089634 2400
1753726514854 0.6873797085510036 2500
1753726778639 0.7148748968930437 2600
1753727086402 0.7423700852350839 2700
1753727354252 0.769865273577124 2800
1753727622584 0.7973604619191641 2900
1753727865454 0.8248556502612043 3000
1753730014330 0.8248556502612043 3000
1753730311436 0.8523508386032445 3100
1753730576641 0.8798460269452846 3200
1753730848090 0.9073412152873247 3300
1753731118239 0.9348364036293648 3400
1753731378931 0.962331591971405 3500
1753731608867 0.9898267803134452 3600
