1753716402567 0.21157079935073853 100
1753716629996 0.44164276123046875 200
1753716884218 0.5878612995147705 300
1753717110086 0.429506778717041 400
1753717367832 0.5794495940208435 500
1753717609302 0.671257734298706 600
1753717862862 0.8122767210006714 700
1753718101345 0.7720338106155396 800
1753718346693 0.9266968965530396 900
1753718570573 0.8112761974334717 1000
1753721094676 0.6828778982162476 1100
1753721335267 0.8218072056770325 1200
1753721557290 0.9088163375854492 1300
1753721816402 0.910049319267273 1400
1753722036430 1.013229250907898 1500
1753722286044 1.0653339624404907 1600
1753722520215 1.0496232509613037 1700
1753722786089 1.0905475616455078 1800
1753723060037 1.061659336090088 1900
1753723338862 1.083650827407837 2000
1753725551745 1.108884572982788 2100
1753725779786 1.1957510709762573 2200
1753725993712 0.9801143407821655 2300
1753726281955 1.366363525390625 2400
1753726514854 1.0339714288711548 2500
1753726778639 1.33107328414917 2600
1753727086402 1.0031594038009644 2700
1753727354252 1.1323989629745483 2800
1753727622584 1.2882344722747803 2900
1753727865454 1.2684392929077148 3000
1753730311436 1.059815526008606 3100
1753730576641 1.4357434511184692 3200
1753730848090 1.1495919227600098 3300
1753731118239 1.3603503704071045 3400
1753731378931 1.541996717453003 3500
1753731608867 1.137468934059143 3600
