1753716402567 9.157509157509158e-06 100
1753716629996 1.8315018315018315e-05 200
1753716884218 2.7472527472527476e-05 300
1753717110086 3.663003663003663e-05 400
1753717367832 4.578754578754579e-05 500
1753717609302 5.494505494505495e-05 600
1753717862862 6.410256410256412e-05 700
1753718101345 7.326007326007326e-05 800
1753718346693 8.241758241758242e-05 900
1753718570573 9.157509157509158e-05 1000
1753721094676 9.999983621090967e-05 1100
1753721335267 9.997015239206215e-05 1200
1753721557290 9.988931937261377e-05 1300
1753721816402 9.975741989284304e-05 1400
1753722036430 9.957458896440447e-05 1500
1753722286044 9.93410137321313e-05 1600
1753722520215 9.905693328247487e-05 1700
1753722786089 9.872263839877707e-05 1800
1753723060037 9.833847126362585e-05 1900
1753723338862 9.790482510859888e-05 2000
1753725551745 9.742214381175354e-05 2100
1753725779786 9.689092144327571e-05 2200
1753725993712 9.631170175975184e-05 2300
1753726281955 9.568507764758239e-05 2400
1753726514854 9.501169051610639e-05 2500
1753726778639 9.429222964105784e-05 2600
1753727086402 9.352743145902663e-05 2700
1753727354252 9.271807881364558e-05 2800
1753727622584 9.186500015427563e-05 2900
1753727865454 9.096906868800917e-05 3000
1753730311436 9.003120148585958e-05 3100
1753730576641 8.905235854405187e-05 3200
1753730848090 8.80335418013753e-05 3300
1753731118239 8.697579411360383e-05 3400
1753731378931 8.588019818603403e-05 3500
1753731608867 8.474787546523342e-05 3600
