1753716402567 4.0473 100
1753716629996 4.0518 200
1753716884218 3.7158 300
1753717110086 3.4011 400
1753717367832 2.9964 500
1753717609302 2.8786 600
1753717862862 2.7181 700
1753718101345 2.6082 800
1753718346693 2.5183 900
1753718570573 2.4982 1000
1753721094676 2.4276 1100
1753721335267 2.4006 1200
1753721557290 2.3969 1300
1753721816402 2.3695 1400
1753722036430 2.3475 1500
1753722286044 2.3048 1600
1753722520215 2.2962 1700
1753722786089 2.2168 1800
1753723060037 2.2287 1900
1753723338862 2.2263 2000
1753725551745 2.1929 2100
1753725779786 2.1797 2200
1753725993712 2.192 2300
1753726281955 2.2233 2400
1753726514854 2.2052 2500
1753726778639 2.198 2600
1753727086402 2.1931 2700
1753727354252 2.1527 2800
1753727622584 2.1926 2900
1753727865454 2.1856 3000
1753730311436 2.1438 3100
1753730576641 2.1485 3200
1753730848090 2.158 3300
1753731118239 2.1425 3400
1753731378931 2.1213 3500
1753731608867 2.1142 3600
