1753580536452 0.03852080123266564 50
1753580907004 0.07704160246533127 100
1753581229101 0.11556240369799692 150
1753581548942 0.15408320493066255 200
1753581868492 0.1926040061633282 250
1753582188795 0.23112480739599384 300
1753582507658 0.2696456086286595 350
1753582827391 0.3081664098613251 400
1753583146998 0.34668721109399075 450
1753583465685 0.3852080123266564 500
1753584147075 0.3852080123266564 500
1753584468205 0.423728813559322 550
1753584786857 0.4622496147919877 600
1753585106476 0.5007704160246533 650
1753585425086 0.539291217257319 700
1753585744768 0.5778120184899846 750
1753586064305 0.6163328197226502 800
1753586382851 0.6548536209553159 850
1753586702304 0.6933744221879815 900
1753587021094 0.7318952234206472 950
1753587340646 0.7704160246533128 1000
1753588022373 0.7704160246533128 1000
1753588342364 0.8089368258859785 1050
1753588661140 0.847457627118644 1100
1753588980912 0.8859784283513097 1150
1753589299242 0.9244992295839753 1200
1753589619090 0.963020030816641 1250
1753589935394 1.0015408320493067 1300
1753590255378 1.0400616332819723 1350
1753590573616 1.078582434514638 1400
1753590893566 1.1171032357473036 1450
1753591212056 1.1556240369799693 1500
1753591893770 1.1556240369799693 1500
1753592213068 1.1941448382126347 1550
1753592532595 1.2326656394453004 1600
1753592852714 1.271186440677966 1650
1753593171222 1.3097072419106317 1700
1753593491139 1.3482280431432974 1750
1753593809763 1.386748844375963 1800
1753594129289 1.4252696456086287 1850
1753594447822 1.4637904468412943 1900
1753594767276 1.50231124807396 1950
1753595087562 1.5408320493066254 2000
1753595775966 1.5408320493066254 2000
1753596096984 1.579352850539291 2050
1753596415647 1.6178736517719567 2100
1753596735936 1.6563944530046224 2150
1753597054339 1.694915254237288 2200
1753597372845 1.7334360554699537 2250
1753597693250 1.7719568567026194 2300
1753598011795 1.810477657935285 2350
1753598332199 1.8489984591679507 2400
1753598650959 1.8875192604006163 2450
1753598970815 1.926040061633282 2500
1753599656310 1.926040061633282 2500
1753599975554 1.9645608628659477 2550
1753600293671 2.0030816640986133 2600
1753600612485 2.041602465331279 2650
1753600931055 2.0801232665639446 2700
1753601251888 2.1186440677966103 2750
1753601571548 2.157164869029276 2800
1753601890956 2.1956856702619416 2850
1753602210436 2.2342064714946073 2900
1753602529739 2.2727272727272725 2950
1753602849130 2.3112480739599386 3000
1753603563635 2.3112480739599386 3000
1753603884280 2.349768875192604 3050
1753604203696 2.3882896764252695 3100
1753604523073 2.426810477657935 3150
1753604858682 2.4653312788906008 3200
1753605217718 2.5038520801232664 3250
1753605560810 2.542372881355932 3300
1753605880609 2.5808936825885977 3350
1753606200490 2.6194144838212634 3400
1753606520220 2.657935285053929 3450
1753606839935 2.6964560862865947 3500
1753607524002 2.6964560862865947 3500
1753607844957 2.7349768875192604 3550
1753608164582 2.773497688751926 3600
1753608484074 2.8120184899845917 3650
1753608803666 2.8505392912172574 3700
1753609123329 2.889060092449923 3750
1753609443019 2.9275808936825887 3800
1753609762531 2.9661016949152543 3850
1753610079725 3.00462249614792 3900
1753610399632 3.0431432973805856 3950
1753610718380 3.0816640986132513 4000
1753611400960 3.0816640986132513 4000
1753611721607 3.120184899845917 4050
1753612041219 3.1587057010785826 4100
1753612369376 3.1972265023112483 4150
1753612705179 3.2357473035439135 4200
1753613041516 3.2742681047765796 4250
1753613361609 3.312788906009245 4300
1753613681420 3.3513097072419105 4350
1753614000179 3.389830508474576 4400
1753614319923 3.428351309707242 4450
1753614641191 3.4668721109399074 4500
1753615325756 3.4668721109399074 4500
1753615645897 3.505392912172573 4550
1753615965458 3.5439137134052388 4600
1753616285211 3.5824345146379044 4650
1753616603788 3.62095531587057 4700
1753616923362 3.6594761171032357 4750
1753617243195 3.6979969183359014 4800
1753617561779 3.736517719568567 4850
1753617881541 3.7750385208012327 4900
1753618201291 3.8135593220338984 4950
1753618520133 3.852080123266564 5000
1753619264410 3.852080123266564 5000
1753619585740 3.8906009244992297 5050
1753619904465 3.9291217257318953 5100
1753620226320 3.967642526964561 5150
1753620544397 4.006163328197227 5200
1753620863029 4.044684129429892 5250
1753621182678 4.083204930662558 5300
1753621504575 4.121725731895223 5350
1753621824370 4.160246533127889 5400
1753622144334 4.1987673343605545 5450
1753622462976 4.237288135593221 5500
1753623140544 4.237288135593221 5500
1753623479432 4.275808936825886 5550
1753623807210 4.314329738058552 5600
1753624125677 4.352850539291217 5650
1753624444592 4.391371340523883 5700
1753624764239 4.429892141756548 5750
1753625083680 4.4684129429892145 5800
1753625403645 4.50693374422188 5850
1753625722904 4.545454545454545 5900
1753626041182 4.583975346687211 5950
1753626380769 4.622496147919877 6000
1753627062854 4.622496147919877 6000
1753627063902 4.622496147919877 6000
