1753580536452 0.5731496810913086 50
1753580907004 1.1155706644058228 100
1753581229101 2.240966320037842 150
1753581548942 0.9655747413635254 200
1753581868492 0.9951196908950806 250
1753582188795 1.0309873819351196 300
1753582507658 0.7805278301239014 350
1753582827391 0.48836442828178406 400
1753583146998 0.35321083664894104 450
1753583465685 0.23442278802394867 500
1753584468205 0.171888530254364 550
1753584786857 0.1525457352399826 600
1753585106476 0.14953404664993286 650
1753585425086 0.1580127775669098 700
1753585744768 0.18394292891025543 750
1753586064305 0.1815243512392044 800
1753586382851 0.33427679538726807 850
1753586702304 0.1292625367641449 900
1753587021094 0.145734041929245 950
1753587340646 0.1792089343070984 1000
1753588342364 0.14041706919670105 1050
1753588661140 0.20029176771640778 1100
1753588980912 0.17441962659358978 1150
1753589299242 0.14974360167980194 1200
1753589619090 0.13429377973079681 1250
1753589935394 0.12373069673776627 1300
1753590255378 0.12205207347869873 1350
1753590573616 0.10774718225002289 1400
1753590893566 0.14687460660934448 1450
1753591212056 0.11630968749523163 1500
1753592213068 0.1719502955675125 1550
1753592532595 0.11416551470756531 1600
1753592852714 0.1443472057580948 1650
1753593171222 0.12346884608268738 1700
1753593491139 0.13267827033996582 1750
1753593809763 0.1280210316181183 1800
1753594129289 0.11017676442861557 1850
1753594447822 0.15173973143100739 1900
1753594767276 0.1600012630224228 1950
1753595087562 0.1586397886276245 2000
1753596096984 0.15804186463356018 2050
1753596415647 0.11147493124008179 2100
1753596735936 0.14732304215431213 2150
1753597054339 0.14502455294132233 2200
1753597372845 0.13064035773277283 2250
1753597693250 0.12230680882930756 2300
1753598011795 0.12805932760238647 2350
1753598332199 0.14429719746112823 2400
1753598650959 0.12500479817390442 2450
1753598970815 0.1350238025188446 2500
1753599975554 0.13079345226287842 2550
1753600293671 0.11806586384773254 2600
1753600612485 0.1327229142189026 2650
1753600931055 0.137251615524292 2700
1753601251888 0.12494426965713501 2750
1753601571548 0.12689271569252014 2800
1753601890956 0.1417306363582611 2850
1753602210436 0.1655430942773819 2900
1753602529739 0.14535388350486755 2950
1753602849130 0.15535041689872742 3000
1753603884280 0.14373143017292023 3050
1753604203696 0.12496630847454071 3100
1753604523073 0.1377667486667633 3150
1753604858682 0.1468796730041504 3200
1753605217718 0.14571358263492584 3250
1753605560810 0.13292093575000763 3300
1753605880609 0.1429615318775177 3350
1753606200490 0.14727264642715454 3400
1753606520220 0.12789210677146912 3450
1753606839935 0.1430080235004425 3500
1753607844957 0.13089285790920258 3550
1753608164582 0.15713809430599213 3600
1753608484074 0.1981566697359085 3650
1753608803666 0.12192144989967346 3700
1753609123329 0.11240149289369583 3750
1753609443019 0.17371156811714172 3800
1753609762531 0.15177558362483978 3850
1753610079725 0.10977617651224136 3900
1753610399632 0.12336108088493347 3950
1753610718380 0.12885905802249908 4000
1753611721607 0.17808718979358673 4050
1753612041219 0.14376135170459747 4100
1753612369376 0.14991821348667145 4150
1753612705179 0.15788118541240692 4200
1753613041516 0.14480671286582947 4250
1753613361609 0.14672540128231049 4300
1753613681420 0.1478278487920761 4350
1753614000179 0.14180897176265717 4400
1753614319923 0.1249130368232727 4450
1753614641191 0.1394396275281906 4500
1753615645897 0.13977572321891785 4550
1753615965458 0.12429354339838028 4600
1753616285211 0.16532675921916962 4650
1753616603788 0.1376236528158188 4700
1753616923362 0.15646898746490479 4750
1753617243195 0.1624842882156372 4800
1753617561779 0.14531221985816956 4850
1753617881541 0.1301477998495102 4900
1753618201291 0.1282951682806015 4950
1753618520133 0.12280987948179245 5000
1753619585740 0.14501048624515533 5050
1753619904465 0.13305547833442688 5100
1753620226320 0.14145514369010925 5150
1753620544397 0.1446283608675003 5200
1753620863029 0.17516538500785828 5250
1753621182678 0.1262972056865692 5300
1753621504575 0.15055668354034424 5350
1753621824370 0.1420847773551941 5400
1753622144334 0.15855523943901062 5450
1753622462976 0.1436043679714203 5500
1753623479432 0.1430847942829132 5550
1753623807210 0.1544087678194046 5600
1753624125677 0.15212255716323853 5650
1753624444592 0.16100527346134186 5700
1753624764239 0.14333604276180267 5750
1753625083680 0.1383209377527237 5800
1753625403645 0.1694507747888565 5850
1753625722904 0.14997437596321106 5900
1753626041182 0.15912574529647827 5950
1753626380769 0.14312759041786194 6000
