1753580536452 7.550077041602466e-06 50
1753580907004 1.5254237288135596e-05 100
1753581229101 2.295839753466872e-05 150
1753581548942 3.066255778120185e-05 200
1753581868492 3.836671802773498e-05 250
1753582188795 4.607087827426811e-05 300
1753582507658 5.377503852080123e-05 350
1753582827391 6.147919876733436e-05 400
1753583146998 6.918335901386748e-05 450
1753583465685 7.688751926040063e-05 500
1753584468205 8.459167950693376e-05 550
1753584786857 9.229583975346687e-05 600
1753585106476 0.0001 650
1753585425086 9.998192080137156e-05 700
1753585744768 9.992769627978312e-05 750
1753586064305 9.983736564867056e-05 800
1753586382851 9.971099423225076e-05 850
1753586702304 9.954867341828127e-05 900
1753587021094 9.935052059197157e-05 950
1753587340646 9.911667905109386e-05 1000
1753588342364 9.884731790235476e-05 1050
1753588661140 9.854263193910274e-05 1100
1753588980912 9.82028415004597e-05 1150
1753589299242 9.782819231197898e-05 1200
1753589619090 9.741895530794433e-05 1250
1753589935394 9.697542643543904e-05 1300
1753590255378 9.649792644032645e-05 1350
1753590573616 9.598680063529684e-05 1400
1753590893566 9.544241865014832e-05 1450
1753591212056 9.486517416448249e-05 1500
1753592213068 9.425548462300785e-05 1550
1753592532595 9.36137909336573e-05 1600
1753592852714 9.29405571487376e-05 1650
1753593171222 9.223627012934155e-05 1700
1753593491139 9.150143919326577e-05 1750
1753593809763 9.073659574668833e-05 1800
1753594129289 8.994229289987284e-05 1850
1753594447822 8.911910506717684e-05 1900
1753594767276 8.826762755165378e-05 1950
1753595087562 8.738847611454888e-05 2000
1753596096984 8.648228653000037e-05 2050
1753596415647 8.554971412526804e-05 2100
1753596735936 8.459143330682148e-05 2150
1753597054339 8.360813707263107e-05 2200
1753597372845 8.260053651101392e-05 2250
1753597693250 8.156936028639767e-05 2300
1753598011795 8.051535411237383e-05 2350
1753598332199 7.943928021242136e-05 2400
1753598650959 7.834191676869134e-05 2450
1753598970815 7.722405735925042e-05 2500
1753599975554 7.608651038419071e-05 2550
1753600293671 7.493009848102064e-05 2600
1753600612485 7.375565792975996e-05 2650
1753600931055 7.25640380481688e-05 2700
1753601251888 7.135610057754835e-05 2750
1753601571548 7.013271905955705e-05 2800
1753601890956 6.889477820449342e-05 2850
1753602210436 6.764317325150182e-05 2900
1753602529739 6.63788093211642e-05 2950
1753602849130 6.5102600760946e-05 3000
1753603884280 6.381547048396926e-05 3050
1753604203696 6.25183493015915e-05 3100
1753604523073 6.121217525027281e-05 3150
1753604858682 5.9897892913217845e-05 3200
1753605217718 5.857645273728364e-05 3250
1753605560810 5.724881034564682e-05 3300
1753605880609 5.591592584672767e-05 3350
1753606200490 5.457876313987034e-05 3400
1753606520220 5.3238289218281866e-05 3450
1753606839935 5.189547346973366e-05 3500
1753607844957 5.0551286975531274e-05 3550
1753608164582 4.92067018082596e-05 3600
1753608484074 4.7862690328811154e-05 3650
1753608803666 4.6520224483205735e-05 3700
1753609123329 4.518027509971034e-05 3750
1753609443019 4.38438111867672e-05 3800
1753609762531 4.2511799232238036e-05 3850
1753610079725 4.1185202504470854e-05 3900
1753610399632 3.986498035569532e-05 3950
1753610718380 3.85520875282499e-05 4000
1753611721607 3.7247473464142815e-05 4050
1753612041219 3.5952081618445954e-05 4100
1753612369376 3.4666848777018555e-05 4150
1753612705179 3.339270437905356e-05 4200
1753613041516 3.21305698449371e-05 4250
1753613361609 3.0881357909906625e-05 4300
1753613681420 2.9645971963990292e-05 4350
1753614000179 2.842530539870404e-05 4400
1753614319923 2.7220240960979587e-05 4450
1753614641191 2.603165011479012e-05 4500
1753615645897 2.486039241093549e-05 4550
1753615965458 2.370731486544262e-05 4600
1753616285211 2.257325134703067e-05 4650
1753616603788 2.1459021974083905e-05 4700
1753616923362 2.0365432521568368e-05 4750
1753617243195 1.9293273838321284e-05 4800
1753617561779 1.8243321275134417e-05 4850
1753617881541 1.721633412404544e-05 4900
1753618201291 1.6213055069242073e-05 4950
1753618520133 1.5234209649976784e-05 5000
1753619585740 1.428050573587999e-05 5050
1753619904465 1.3352633015051564e-05 5100
1753620226320 1.2451262495300364e-05 5150
1753620544397 1.1577046018892979e-05 5200
1753620863029 1.0730615791162213e-05 5250
1753621182678 9.912583923316605e-06 5300
1753621504575 9.123541989781059e-06 5350
1753621824370 8.3640606003893e-06 5400
1753622144334 7.634688987737038e-06 5450
1753622462976 6.935954609994633e-06 5500
1753623479432 6.268362769466263e-06 5550
1753623807210 5.6323962471714286e-06 5600
1753624125677 5.028514953713215e-06 5650
1753624444592 4.4571555966857195e-06 5700
1753624764239 3.918731364861123e-06 5750
1753625083680 3.413631629384756e-06 5800
1753625403645 2.9422216621944e-06 5850
1753625722904 2.504842371867355e-06 5900
1753626041182 2.1018100570862566e-06 5950
1753626380769 1.7334161779020087e-06 6000
