1753580536452 12.4294 50
1753580907004 12.3965 100
1753581229101 12.0336 150
1753581548942 11.5239 200
1753581868492 10.9616 250
1753582188795 10.2191 300
1753582507658 9.0532 350
1753582827391 8.0877 400
1753583146998 7.567 450
1753583465685 7.2961 500
1753584468205 7.1724 550
1753584786857 7.0877 600
1753585106476 7.03 650
1753585425086 7.0156 700
1753585744768 7.0224 750
1753586064305 6.9716 800
1753586382851 6.915 850
1753586702304 6.9111 900
1753587021094 6.9006 950
1753587340646 6.8801 1000
1753588342364 6.8987 1050
1753588661140 6.8493 1100
1753588980912 6.9099 1150
1753589299242 6.836 1200
1753589619090 6.8679 1250
1753589935394 6.8412 1300
1753590255378 6.8481 1350
1753590573616 6.8413 1400
1753590893566 6.8622 1450
1753591212056 6.8517 1500
1753592213068 6.8486 1550
1753592532595 6.8393 1600
1753592852714 6.8269 1650
1753593171222 6.8206 1700
1753593491139 6.8455 1750
1753593809763 6.8213 1800
1753594129289 6.8264 1850
1753594447822 6.81 1900
1753594767276 6.816 1950
1753595087562 6.8115 2000
1753596096984 6.7975 2050
1753596415647 6.8098 2100
1753596735936 6.7842 2150
1753597054339 6.787 2200
1753597372845 6.8312 2250
1753597693250 6.8126 2300
1753598011795 6.7962 2350
1753598332199 6.8186 2400
1753598650959 6.7969 2450
1753598970815 6.7729 2500
1753599975554 6.8067 2550
1753600293671 6.835 2600
1753600612485 6.8018 2650
1753600931055 6.8032 2700
1753601251888 6.7866 2750
1753601571548 6.8025 2800
1753601890956 6.8318 2850
1753602210436 6.7908 2900
1753602529739 6.7972 2950
1753602849130 6.8087 3000
1753603884280 6.7925 3050
1753604203696 6.8022 3100
1753604523073 6.8124 3150
1753604858682 6.8008 3200
1753605217718 6.7934 3250
1753605560810 6.7903 3300
1753605880609 6.8054 3350
1753606200490 6.7557 3400
1753606520220 6.7574 3450
1753606839935 6.8006 3500
1753607844957 6.7955 3550
1753608164582 6.7623 3600
1753608484074 6.7726 3650
1753608803666 6.8024 3700
1753609123329 6.7762 3750
1753609443019 6.7803 3800
1753609762531 6.8316 3850
1753610079725 6.8078 3900
1753610399632 6.7936 3950
1753610718380 6.7632 4000
1753611721607 6.762 4050
1753612041219 6.785 4100
1753612369376 6.7742 4150
1753612705179 6.7659 4200
1753613041516 6.7859 4250
1753613361609 6.7812 4300
1753613681420 6.7868 4350
1753614000179 6.7946 4400
1753614319923 6.7735 4450
1753614641191 6.7895 4500
1753615645897 6.8066 4550
1753615965458 6.7758 4600
1753616285211 6.7669 4650
1753616603788 6.8039 4700
1753616923362 6.7734 4750
1753617243195 6.771 4800
1753617561779 6.7675 4850
1753617881541 6.7945 4900
1753618201291 6.791 4950
1753618520133 6.8045 5000
1753619585740 6.7784 5050
1753619904465 6.8094 5100
1753620226320 6.7907 5150
1753620544397 6.7984 5200
1753620863029 6.766 5250
1753621182678 6.7793 5300
1753621504575 6.7788 5350
1753621824370 6.757 5400
1753622144334 6.8012 5450
1753622462976 6.7946 5500
1753623479432 6.7866 5550
1753623807210 6.7594 5600
1753624125677 6.7677 5650
1753624444592 6.7786 5700
1753624764239 6.7786 5750
1753625083680 6.7924 5800
1753625403645 6.8006 5850
1753625722904 6.788 5900
1753626041182 6.7787 5950
1753626380769 6.79 6000
