1753020754256 0.19493624567985535 100
1753020779105 0.8202555775642395 200
1753020803738 0.42566871643066406 300
1753020828495 0.13844801485538483 400
1753020852950 0.25957199931144714 500
1753020877641 0.18782062828540802 600
1753020902204 0.1196451336145401 700
1753020926676 0.18695949018001556 800
1753020951463 0.1347542405128479 900
1753020976448 0.16013330221176147 1000
1753021692573 0.15409374237060547 1100
1753021717225 0.14851093292236328 1200
1753021741863 0.1882459819316864 1300
1753021766504 0.1868782788515091 1400
1753021791432 0.18239815533161163 1500
1753021815978 0.1284424066543579 1600
1753021840399 0.09488148987293243 1700
1753021864864 0.10671635717153549 1800
1753021889270 0.1616249978542328 1900
1753021913779 0.15908662974834442 2000
1753022603383 0.19627293944358826 2100
1753022627967 0.16710811853408813 2200
1753022652527 0.16742660105228424 2300
1753022676880 0.2703360319137573 2400
1753022701359 0.08598357439041138 2500
1753022725828 0.24191085994243622 2600
1753022750229 0.16045473515987396 2700
1753022774555 0.1613927036523819 2800
1753022798913 0.2638833820819855 2900
1753022823206 0.15945932269096375 3000
1753023508112 0.14232605695724487 3100
1753023532561 0.11105341464281082 3200
1753023556903 0.15018661320209503 3300
1753023581296 0.1549472063779831 3400
1753023605811 0.14104710519313812 3500
1753023630296 0.1149110421538353 3600
1753023654796 0.19737111032009125 3700
1753023679282 0.13875426352024078 3800
1753023703657 0.1475522518157959 3900
1753023728102 0.146785706281662 4000
1753024420753 0.17344772815704346 4100
1753024445157 0.09972400963306427 4200
1753024469522 0.23960109055042267 4300
1753024493949 0.1940782517194748 4400
1753024518517 0.1570923626422882 4500
1753024542959 0.16478651762008667 4600
1753024567310 0.12086262553930283 4700
1753024591659 0.1595267802476883 4800
1753024615969 0.15966558456420898 4900
1753024640363 0.14738330245018005 5000
1753025330991 0.19365021586418152 5100
1753025355261 0.12831875681877136 5200
1753025379740 0.1384223997592926 5300
1753025404123 0.19296753406524658 5400
1753025428602 0.2216903120279312 5500
1753025452835 0.22885708510875702 5600
1753025477312 0.13173863291740417 5700
1753025501708 0.16375835239887238 5800
1753025526262 0.18873247504234314 5900
1753025550455 0.19423723220825195 6000
1753026242646 0.12161792814731598 6100
1753026267263 0.20116540789604187 6200
1753026291940 0.1773093193769455 6300
1753026316746 0.21098987758159637 6400
1753026341488 0.14278575778007507 6500
1753026366007 0.16540715098381042 6600
1753026390491 0.22228233516216278 6700
1753026415067 0.17057263851165771 6800
1753026439478 0.24215294420719147 6900
1753026464063 0.18807047605514526 7000
1753027165974 0.1663471907377243 7100
1753027190507 0.21754871308803558 7200
1753027214353 0.1932789534330368 7300
1753027239003 0.1619575172662735 7400
1753027263623 0.18548008799552917 7500
1753027288384 0.17200031876564026 7600
1753027312440 0.21656283736228943 7700
1753027336887 0.14032268524169922 7800
1753027361453 0.1570945382118225 7900
1753027386105 0.18513670563697815 8000
1753028082042 0.1832476407289505 8100
1753028106652 0.11826372146606445 8200
1753028130673 0.15597029030323029 8300
1753028155190 0.14683879911899567 8400
1753028179741 0.16437341272830963 8500
1753028204251 0.17371635138988495 8600
1753028228256 0.1931629329919815 8700
1753028252981 0.13435032963752747 8800
1753028277568 0.12803468108177185 8900
1753028302002 0.1594545990228653 9000
1753029000969 0.18323391675949097 9100
1753029025564 0.20417140424251556 9200
1753029049498 0.13893023133277893 9300
1753029074182 0.13148167729377747 9400
1753029098886 0.1500219851732254 9500
1753029123489 0.16966527700424194 9600
1753029147527 0.1647615283727646 9700
1753029171987 0.19044893980026245 9800
1753029196697 0.11986549198627472 9900
1753029221437 0.12356510013341904 10000
1753029920787 0.14657199382781982 10100
1753029945537 0.1281726211309433 10200
1753029969474 0.1613263040781021 10300
1753029994043 0.16068002581596375 10400
1753030018671 0.1394578367471695 10500
1753030043223 0.18783369660377502 10600
1753030066977 0.22980955243110657 10700
1753030091440 0.13532654941082 10800
1753030115896 0.15764060616493225 10900
1753030140711 0.18814688920974731 11000
1753030834168 0.2286573052406311 11100
1753030858249 0.1575894057750702 11200
1753030882854 0.12967565655708313 11300
1753030907443 0.21464070677757263 11400
1753030932155 0.25546079874038696 11500
1753030956034 0.14489823579788208 11600
1753030980720 0.18095770478248596 11700
1753031005177 0.19250759482383728 11800
1753031030075 0.1675896793603897 11900
1753031053949 0.239373117685318 12000
1753031747428 0.15270814299583435 12100
1753031772215 0.14881934225559235 12200
1753031796950 0.12010978907346725 12300
1753031821560 0.14387263357639313 12400
1753031845534 0.17701733112335205 12500
1753031870162 0.14724314212799072 12600
1753031894756 0.18951399624347687 12700
1753031919377 0.17314428091049194 12800
1753031943315 0.13520832359790802 12900
1753031967891 0.23563237488269806 13000
1753032662720 0.14900459349155426 13100
1753032687675 0.2232692539691925 13200
1753032712587 0.1886669248342514 13300
1753032736640 0.1799498200416565 13400
1753032761474 0.22488361597061157 13500
1753032786410 0.2364361584186554 13600
1753032811215 0.19527971744537354 13700
1753032835231 0.13923269510269165 13800
1753032860085 0.2679709792137146 13900
1753032884708 0.21124717593193054 14000
1753033579337 0.1632506400346756 14100
1753033604274 0.19050338864326477 14200
1753033628021 0.17369987070560455 14300
1753033652858 0.12021217495203018 14400
1753033677873 0.1876036822795868 14500
1753033702778 0.11787501722574234 14600
1753033726588 0.1363978385925293 14700
1753033751480 0.19145219027996063 14800
1753033776320 0.2156340330839157 14900
1753033800788 0.18798688054084778 15000
1753034496507 0.22097156941890717 15100
1753034521020 0.1094740629196167 15200
1753034545835 0.0956457182765007 15300
1753034570309 0.13071323931217194 15400
1753034593950 0.16797196865081787 15500
