1753020754256 0.0004968535285429911 100
1753020779105 0.0004936428433827779 200
1753020803738 0.0004904321582225647 300
1753020828495 0.00048722147306235153 400
1753020852950 0.00048401078790213833 500
1753020877641 0.00048080010274192513 600
1753020902204 0.00047758941758171194 700
1753020926676 0.00047437873242149874 800
1753020951463 0.0004711680472612856 900
1753020976448 0.00046795736210107234 1000
1753021692573 0.0004647466769408592 1100
1753021717225 0.000461535991780646 1200
1753021741863 0.0004583253066204328 1300
1753021766504 0.00045511462146021966 1400
1753021791432 0.0004519039363000064 1500
1753021815978 0.00044869325113979327 1600
1753021840399 0.00044548256597958 1700
1753021864864 0.0004422718808193669 1800
1753021889270 0.0004390611956591536 1900
1753021913779 0.0004358505104989405 2000
1753022603383 0.00043263982533872734 2100
1753022627967 0.0004294291401785141 2200
1753022652527 0.00042621845501830094 2300
1753022676880 0.0004230077698580877 2400
1753022701359 0.00041979708469787455 2500
1753022725828 0.00041658639953766135 2600
1753022750229 0.0004134078212290503 2700
1753022774555 0.0004101971360688371 2800
1753022798913 0.0004069864509086239 2900
1753022823206 0.00040377576574841074 3000
1753023508112 0.0004005650805881975 3100
1753023532561 0.00039735439542798435 3200
1753023556903 0.00039414371026777115 3300
1753023581296 0.00039093302510755795 3400
1753023605811 0.0003877223399473448 3500
1753023630296 0.00038451165478713156 3600
1753023654796 0.0003813009696269184 3700
1753023679282 0.00037809028446670516 3800
1753023703657 0.000374879599306492 3900
1753023728102 0.0003716689141462788 4000
1753024420753 0.0003684582289860656 4100
1753024445157 0.0003652475438258525 4200
1753024469522 0.00036203685866563923 4300
1753024493949 0.0003588261735054261 4400
1753024518517 0.0003556154883452129 4500
1753024542959 0.0003524048031849997 4600
1753024567310 0.0003491941180247865 4700
1753024591659 0.0003459834328645733 4800
1753024615969 0.0003427727477043601 4900
1753024640363 0.00033959416939574903 5000
1753025330991 0.0003363834842355359 5100
1753025355261 0.0003331727990753227 5200
1753025379740 0.0003299621139151095 5300
1753025404123 0.00032675142875489635 5400
1753025428602 0.0003235407435946831 5500
1753025452835 0.00032033005843446995 5600
1753025477312 0.0003171193732742567 5700
1753025501708 0.00031390868811404356 5800
1753025526262 0.0003106980029538303 5900
1753025550455 0.00030748731779361717 6000
1753026242646 0.00030427663263340397 6100
1753026267263 0.00030106594747319077 6200
1753026291940 0.00029785526231297763 6300
1753026316746 0.0002946445771527644 6400
1753026341488 0.00029143389199255123 6500
1753026366007 0.00028822320683233804 6600
1753026390491 0.00028501252167212484 6700
1753026415067 0.00028180183651191164 6800
1753026439478 0.00027859115135169844 6900
1753026464063 0.00027538046619148525 7000
1753027165974 0.0002721697810312721 7100
1753027190507 0.0002689590958710589 7200
1753027214353 0.0002657484107108457 7300
1753027239003 0.0002625377255506325 7400
1753027263623 0.0002593270403904193 7500
1753027288384 0.00025611635523020617 7600
1753027312440 0.0002529056700699929 7700
1753027336887 0.0002496949849097798 7800
1753027361453 0.0002464842997495666 7900
1753027386105 0.00024327361458935338 8000
1753028082042 0.00024006292942914018 8100
1753028106652 0.000236852244268927 8200
1753028130673 0.0002336415591087138 8300
1753028155190 0.00023043087394850062 8400
1753028179741 0.00022722018878828742 8500
1753028204251 0.00022400950362807422 8600
1753028228256 0.00022079881846786103 8700
1753028252981 0.00021758813330764786 8800
1753028277568 0.0002143774481474347 8900
1753028302002 0.0002111667629872215 9000
1753029000969 0.0002079560778270083 9100
1753029025564 0.0002047453926667951 9200
1753029049498 0.0002015347075065819 9300
1753029074182 0.00019832402234636873 9400
1753029098886 0.00019511333718615553 9500
1753029123489 0.00019190265202594233 9600
1753029147527 0.00018869196686572914 9700
1753029171987 0.00018548128170551596 9800
1753029196697 0.00018227059654530277 9900
1753029221437 0.0001790599113850896 10000
1753029920787 0.0001758492262248764 10100
1753029945537 0.0001726385410646632 10200
1753029969474 0.00016942785590445 10300
1753029994043 0.0001662171707442368 10400
1753030018671 0.00016300648558402364 10500
1753030043223 0.00015979580042381044 10600
1753030066977 0.00015658511526359724 10700
1753030091440 0.00015337443010338407 10800
1753030115896 0.00015016374494317088 10900
1753030140711 0.0001469530597829577 11000
1753030834168 0.0001437423746227445 11100
1753030858249 0.0001405316894625313 11200
1753030882854 0.0001373210043023181 11300
1753030907443 0.00013411031914210492 11400
1753030932155 0.00013089963398189172 11500
1753030956034 0.00012768894882167855 11600
1753030980720 0.00012447826366146535 11700
1753031005177 0.00012129968535285431 11800
1753031030075 0.00011808900019264111 11900
1753031053949 0.00011487831503242791 12000
1753031747428 0.00011166762987221474 12100
1753031772215 0.00010845694471200155 12200
1753031796950 0.00010524625955178835 12300
1753031821560 0.00010203557439157516 12400
1753031845534 9.882488923136197e-05 12500
1753031870162 9.56142040711488e-05 12600
1753031894756 9.24035189109356e-05 12700
1753031919377 8.91928337507224e-05 12800
1753031943315 8.598214859050922e-05 12900
1753031967891 8.277146343029602e-05 13000
1753032662720 7.956077827008284e-05 13100
1753032687675 7.635009310986965e-05 13200
1753032712587 7.313940794965646e-05 13300
1753032736640 6.992872278944327e-05 13400
1753032761474 6.671803762923008e-05 13500
1753032786410 6.350735246901689e-05 13600
1753032811215 6.02966673088037e-05 13700
1753032835231 5.708598214859051e-05 13800
1753032860085 5.387529698837732e-05 13900
1753032884708 5.0664611828164136e-05 14000
1753033579337 4.745392666795094e-05 14100
1753033604274 4.424324150773775e-05 14200
1753033628021 4.1032556347524564e-05 14300
1753033652858 3.7821871187311374e-05 14400
1753033677873 3.461118602709818e-05 14500
1753033702778 3.140050086688499e-05 14600
1753033726588 2.8189815706671805e-05 14700
1753033751480 2.4979130546458615e-05 14800
1753033776320 2.1768445386245424e-05 14900
1753033800788 1.8557760226032234e-05 15000
1753034496507 1.5347075065819047e-05 15100
1753034521020 1.2136389905605858e-05 15200
1753034545835 8.925704745392667e-06 15300
1753034570309 5.715019585179477e-06 15400
1753034593950 2.504334424966288e-06 15500
