1753020754256 8.9487 100
1753020779105 6.925 200
1753020803738 6.8822 300
1753020828495 6.8739 400
1753020852950 6.8465 500
1753020877641 6.8401 600
1753020902204 6.7796 700
1753020926676 6.8438 800
1753020951463 6.7499 900
1753020976448 6.7956 1000
1753021692573 6.7802 1100
1753021717225 6.7655 1200
1753021741863 6.7987 1300
1753021766504 6.7734 1400
1753021791432 6.7765 1500
1753021815978 6.7747 1600
1753021840399 6.7795 1700
1753021864864 6.8303 1800
1753021889270 6.7866 1900
1753021913779 6.7822 2000
1753022603383 6.7635 2100
1753022627967 6.8121 2200
1753022652527 6.76 2300
1753022676880 6.7878 2400
1753022701359 6.7721 2500
1753022725828 6.7692 2600
1753022750229 6.7137 2700
1753022774555 6.7715 2800
1753022798913 6.7984 2900
1753022823206 6.7718 3000
1753023508112 6.7559 3100
1753023532561 6.785 3200
1753023556903 6.761 3300
1753023581296 6.7546 3400
1753023605811 6.7797 3500
1753023630296 6.7997 3600
1753023654796 6.7839 3700
1753023679282 6.7799 3800
1753023703657 6.7419 3900
1753023728102 6.7608 4000
1753024420753 6.749 4100
1753024445157 6.7705 4200
1753024469522 6.7509 4300
1753024493949 6.7542 4400
1753024518517 6.7592 4500
1753024542959 6.7753 4600
1753024567310 6.7582 4700
1753024591659 6.7769 4800
1753024615969 6.7299 4900
1753024640363 6.7866 5000
1753025330991 6.8036 5100
1753025355261 6.7543 5200
1753025379740 6.7292 5300
1753025404123 6.7766 5400
1753025428602 6.7373 5500
1753025452835 6.7419 5600
1753025477312 6.7645 5700
1753025501708 6.7656 5800
1753025526262 6.7661 5900
1753025550455 6.7185 6000
1753026242646 6.7742 6100
1753026267263 6.7098 6200
1753026291940 6.7321 6300
1753026316746 6.7227 6400
1753026341488 6.7465 6500
1753026366007 6.7396 6600
1753026390491 6.7136 6700
1753026415067 6.7635 6800
1753026439478 6.8047 6900
1753026464063 6.7517 7000
1753027165974 6.7252 7100
1753027190507 6.6903 7200
1753027214353 6.7697 7300
1753027239003 6.7367 7400
1753027263623 6.7944 7500
1753027288384 6.7423 7600
1753027312440 6.7173 7700
1753027336887 6.7319 7800
1753027361453 6.7186 7900
1753027386105 6.7698 8000
1753028082042 6.7559 8100
1753028106652 6.7398 8200
1753028130673 6.7501 8300
1753028155190 6.7525 8400
1753028179741 6.7554 8500
1753028204251 6.757 8600
1753028228256 6.7144 8700
1753028252981 6.723 8800
1753028277568 6.8116 8900
1753028302002 6.7881 9000
1753029000969 6.7567 9100
1753029025564 6.6829 9200
1753029049498 6.7445 9300
1753029074182 6.7282 9400
1753029098886 6.8147 9500
1753029123489 6.7538 9600
1753029147527 6.7393 9700
1753029171987 6.7585 9800
1753029196697 6.7238 9900
1753029221437 6.763 10000
1753029920787 6.7204 10100
1753029945537 6.7801 10200
1753029969474 6.7912 10300
1753029994043 6.7335 10400
1753030018671 6.7522 10500
1753030043223 6.7602 10600
1753030066977 6.737 10700
1753030091440 6.7693 10800
1753030115896 6.7215 10900
1753030140711 6.7581 11000
1753030834168 6.7456 11100
1753030858249 6.7742 11200
1753030882854 6.7268 11300
1753030907443 6.7366 11400
1753030932155 6.7526 11500
1753030956034 6.7179 11600
1753030980720 6.7237 11700
1753031005177 6.7444 11800
1753031030075 6.7108 11900
1753031053949 6.7453 12000
1753031747428 6.6481 12100
1753031772215 6.7369 12200
1753031796950 6.7314 12300
1753031821560 6.7641 12400
1753031845534 6.7561 12500
1753031870162 6.7017 12600
1753031894756 6.7333 12700
1753031919377 6.7293 12800
1753031943315 6.7454 12900
1753031967891 6.7472 13000
1753032662720 6.7071 13100
1753032687675 6.7149 13200
1753032712587 6.7351 13300
1753032736640 6.7089 13400
1753032761474 6.7341 13500
1753032786410 6.7589 13600
1753032811215 6.6999 13700
1753032835231 6.7371 13800
1753032860085 6.7731 13900
1753032884708 6.7335 14000
1753033579337 6.7435 14100
1753033604274 6.772 14200
1753033628021 6.7279 14300
1753033652858 6.7541 14400
1753033677873 6.7661 14500
1753033702778 6.7411 14600
1753033726588 6.71 14700
1753033751480 6.6967 14800
1753033776320 6.7521 14900
1753033800788 6.7119 15000
1753034496507 6.7147 15100
1753034521020 6.7088 15200
1753034545835 6.7517 15300
1753034570309 6.744 15400
1753034593950 6.7598 15500
