1752787621258 0.017123287671232876 100
1752787648334 0.03424657534246575 200
1752787681265 0.05136986301369863 300
1752787708549 0.0684931506849315 400
1752787736534 0.08561643835616438 500
1752787764753 0.10273972602739725 600
1752787794126 0.11986301369863013 700
1752787824164 0.136986301369863 800
1752787853791 0.1541095890410959 900
1752787883629 0.17123287671232876 1000
1752788096027 0.17123287671232876 1000
1752788124340 0.18835616438356165 1100
1752788150737 0.2054794520547945 1200
1752788177867 0.2226027397260274 1300
1752788205250 0.23972602739726026 1400
1752788232325 0.2568493150684932 1500
1752788259540 0.273972602739726 1600
1752788286813 0.2910958904109589 1700
1752788313980 0.3082191780821918 1800
1752788341850 0.3253424657534247 1900
1752788369601 0.3424657534246575 2000
1752788578116 0.3424657534246575 2000
1752788607073 0.3595890410958904 2100
1752788634858 0.3767123287671233 2200
1752788662672 0.3938356164383562 2300
1752788690591 0.410958904109589 2400
1752788721408 0.4280821917808219 2500
1752788749134 0.4452054794520548 2600
1752788776138 0.4623287671232877 2700
1752788800092 0.4794520547945205 2800
1752788824936 0.4965753424657534 2900
1752788849726 0.5136986301369864 3000
1752788999085 0.5136986301369864 3000
1752789024964 0.5308219178082192 3100
1752789048980 0.547945205479452 3200
1752789073858 0.565068493150685 3300
1752789098747 0.5821917808219178 3400
1752789123486 0.5993150684931506 3500
1752789148334 0.6164383561643836 3600
1752789172445 0.6335616438356164 3700
1752789197438 0.6506849315068494 3800
1752789222526 0.6678082191780822 3900
1752789247694 0.684931506849315 4000
1752789410228 0.684931506849315 4000
1752789436514 0.702054794520548 4100
1752789461319 0.7191780821917808 4200
1752789486100 0.7363013698630136 4300
1752789509974 0.7534246575342466 4400
1752789535061 0.7705479452054794 4500
1752789560020 0.7876712328767124 4600
1752789584977 0.8047945205479452 4700
1752789609948 0.821917808219178 4800
1752789634688 0.839041095890411 4900
1752789659402 0.8561643835616438 5000
1752789820558 0.8561643835616438 5000
1752789846763 0.8732876712328768 5100
1752789871855 0.8904109589041096 5200
1752789896925 0.9075342465753424 5300
1752789921999 0.9246575342465754 5400
1752789950154 0.9417808219178082 5500
1752789975187 0.958904109589041 5600
1752789999807 0.976027397260274 5700
1752790024560 0.9931506849315068 5800
1752790049584 1.0102739726027397 5900
1752790074831 1.0273972602739727 6000
1752790242989 1.0273972602739727 6000
1752790272320 1.0445205479452055 6100
1752790299514 1.0616438356164384 6200
1752790326400 1.0787671232876712 6300
1752790353400 1.095890410958904 6400
1752790380031 1.1130136986301369 6500
1752790407027 1.13013698630137 6600
1752790435302 1.1472602739726028 6700
