1752787621258 0.23251351714134216 100
1752787648334 0.15379996597766876 200
1752787681265 0.25098395347595215 300
1752787708549 0.2318841516971588 400
1752787736534 0.20896583795547485 500
1752787764753 0.16675923764705658 600
1752787794126 0.21962355077266693 700
1752787824164 0.19450068473815918 800
1752787853791 0.19371622800827026 900
1752787883629 0.22567489743232727 1000
1752788124340 0.2781458795070648 1100
1752788150737 0.16275349259376526 1200
1752788177867 0.26123371720314026 1300
1752788205250 0.20899002254009247 1400
1752788232325 0.18385256826877594 1500
1752788259540 0.23430189490318298 1600
1752788286813 0.2351527214050293 1700
1752788313980 0.2203010767698288 1800
1752788341850 0.21132278442382812 1900
1752788369601 0.19679975509643555 2000
1752788607073 0.3085058033466339 2100
1752788634858 0.2212841510772705 2200
1752788662672 0.24218764901161194 2300
1752788690591 0.1868208795785904 2400
1752788721408 0.17286726832389832 2500
1752788749134 0.2750019431114197 2600
1752788776138 0.20756714046001434 2700
1752788800092 0.22474665939807892 2800
1752788824936 0.21754032373428345 2900
1752788849726 0.2133859395980835 3000
1752789024964 0.3328895568847656 3100
1752789048980 0.20029288530349731 3200
1752789073858 0.2042776495218277 3300
1752789098747 0.2624974846839905 3400
1752789123486 0.34392666816711426 3500
1752789148334 0.23461458086967468 3600
1752789172445 0.22080634534358978 3700
1752789197438 0.19920781254768372 3800
1752789222526 0.20796146988868713 3900
1752789247694 0.2719818353652954 4000
1752789436514 0.32014334201812744 4100
1752789461319 0.13686782121658325 4200
1752789486100 0.23637549579143524 4300
1752789509974 0.21847675740718842 4400
1752789535061 0.2260899543762207 4500
1752789560020 0.31647175550460815 4600
1752789584977 0.15627233684062958 4700
1752789609948 0.1904521882534027 4800
1752789634688 0.2470046430826187 4900
1752789659402 0.24489757418632507 5000
1752789846763 0.2778916358947754 5100
1752789871855 0.24064452946186066 5200
1752789896925 0.30843719840049744 5300
1752789921999 0.15273432433605194 5400
1752789950154 0.7451085448265076 5500
1752789975187 0.2903596758842468 5600
1752789999807 0.2905295491218567 5700
1752790024560 0.1872895210981369 5800
1752790049584 0.20306530594825745 5900
1752790074831 0.2026534080505371 6000
1752790272320 0.2788159251213074 6100
1752790299514 0.29627785086631775 6200
1752790326400 0.26161429286003113 6300
1752790353400 0.3015701174736023 6400
1752790380031 0.3182644546031952 6500
1752790407027 0.2592650055885315 6600
1752790435302 0.28514450788497925 6700
