1752787621258 0.0004972031963470319 100
1752787648334 0.0004943493150684932 200
1752787681265 0.0004914954337899544 300
1752787708549 0.0004886415525114155 400
1752787736534 0.0004857876712328767 500
1752787764753 0.0004829337899543379 600
1752787794126 0.0004800799086757991 700
1752787824164 0.00047722602739726027 800
1752787853791 0.0004743721461187215 900
1752787883629 0.0004715182648401827 1000
1752788124340 0.00046866438356164386 1100
1752788150737 0.000465810502283105 1200
1752788177867 0.00046295662100456623 1300
1752788205250 0.0004601027397260274 1400
1752788232325 0.0004572488584474886 1500
1752788259540 0.00045439497716894976 1600
1752788286813 0.000451541095890411 1700
1752788313980 0.0004486872146118722 1800
1752788341850 0.00044583333333333335 1900
1752788369601 0.0004429794520547945 2000
1752788607073 0.0004401255707762557 2100
1752788634858 0.0004372716894977169 2200
1752788662672 0.0004344178082191781 2300
1752788690591 0.0004315639269406393 2400
1752788721408 0.00042871004566210046 2500
1752788749134 0.0004258561643835617 2600
1752788776138 0.0004230022831050229 2700
1752788800092 0.000420148401826484 2800
1752788824936 0.0004172945205479452 2900
1752788849726 0.00041444063926940637 3000
1752789024964 0.0004115867579908676 3100
1752789048980 0.0004087328767123288 3200
1752789073858 0.00040587899543378995 3300
1752789098747 0.00040302511415525117 3400
1752789123486 0.0004001712328767123 3500
1752789148334 0.0003973173515981735 3600
1752789172445 0.0003944634703196347 3700
1752789197438 0.0003916095890410959 3800
1752789222526 0.00038875570776255707 3900
1752789247694 0.0003859018264840183 4000
1752789436514 0.0003830479452054795 4100
1752789461319 0.00038019406392694066 4200
1752789486100 0.0003773401826484018 4300
1752789509974 0.000374486301369863 4400
1752789535061 0.0003716324200913242 4500
1752789560020 0.0003687785388127854 4600
1752789584977 0.00036592465753424656 4700
1752789609948 0.0003630707762557078 4800
1752789634688 0.000360216894977169 4900
1752789659402 0.00035736301369863015 5000
1752789846763 0.0003545091324200913 5100
1752789871855 0.0003516552511415525 5200
1752789896925 0.0003488013698630137 5300
1752789921999 0.0003459474885844749 5400
1752789950154 0.0003430936073059361 5500
1752789975187 0.00034023972602739727 5600
1752789999807 0.0003373858447488585 5700
1752790024560 0.0003345319634703197 5800
1752790049584 0.0003316780821917808 5900
1752790074831 0.000328824200913242 6000
1752790272320 0.00032597031963470317 6100
1752790299514 0.0003231164383561644 6200
1752790326400 0.0003202625570776256 6300
1752790353400 0.00031740867579908676 6400
1752790380031 0.00031455479452054797 6500
1752790407027 0.00031172945205479454 6600
1752790435302 0.0003088755707762557 6700
