1752787621258 8.7325 100
1752787648334 6.9559 200
1752787681265 6.8779 300
1752787708549 6.8444 400
1752787736534 6.7889 500
1752787764753 6.7266 600
1752787794126 6.7786 700
1752787824164 6.7798 800
1752787853791 6.7033 900
1752787883629 6.7733 1000
1752788124340 6.6917 1100
1752788150737 6.6981 1200
1752788177867 6.7482 1300
1752788205250 6.7746 1400
1752788232325 6.6853 1500
1752788259540 6.748 1600
1752788286813 6.7543 1700
1752788313980 6.7158 1800
1752788341850 6.6878 1900
1752788369601 6.7265 2000
1752788607073 6.7021 2100
1752788634858 6.6578 2200
1752788662672 6.7357 2300
1752788690591 6.6752 2400
1752788721408 6.6657 2500
1752788749134 6.6982 2600
1752788776138 6.6995 2700
1752788800092 6.6457 2800
1752788824936 6.7061 2900
1752788849726 6.6434 3000
1752789024964 6.725 3100
1752789048980 6.694 3200
1752789073858 6.6957 3300
1752789098747 6.6434 3400
1752789123486 6.6847 3500
1752789148334 6.6919 3600
1752789172445 6.7152 3700
1752789197438 6.7004 3800
1752789222526 6.7015 3900
1752789247694 6.6949 4000
1752789436514 6.6182 4100
1752789461319 6.6833 4200
1752789486100 6.6627 4300
1752789509974 6.6901 4400
1752789535061 6.6859 4500
1752789560020 6.6409 4600
1752789584977 6.6768 4700
1752789609948 6.676 4800
1752789634688 6.675 4900
1752789659402 6.6513 5000
1752789846763 6.692 5100
1752789871855 6.706 5200
1752789896925 6.6703 5300
1752789921999 6.7098 5400
1752789950154 6.6649 5500
1752789975187 6.6542 5600
1752789999807 6.6343 5700
1752790024560 6.6705 5800
1752790049584 6.6343 5900
1752790074831 6.6369 6000
1752790272320 6.6425 6100
1752790299514 6.6849 6200
1752790326400 6.6027 6300
1752790353400 6.6748 6400
1752790380031 6.6396 6500
1752790407027 6.6693 6600
1752790435302 6.6817 6700
