1752840322082 0.017123287671232876 100
1752840352870 0.03424657534246575 200
1752840383893 0.05136986301369863 300
1752840415072 0.0684931506849315 400
1752840446250 0.08561643835616438 500
1752840477876 0.10273972602739725 600
1752840509384 0.11986301369863013 700
1752840541228 0.136986301369863 800
1752840573049 0.1541095890410959 900
1752840604858 0.17123287671232876 1000
1752840970973 0.17123287671232876 1000
1752841003605 0.18835616438356165 1100
1752841034638 0.2054794520547945 1200
1752841065725 0.2226027397260274 1300
1752841097120 0.23972602739726026 1400
1752841128495 0.2568493150684932 1500
1752841159653 0.273972602739726 1600
1752841190917 0.2910958904109589 1700
1752841222152 0.3082191780821918 1800
1752841254087 0.3253424657534247 1900
1752841285291 0.3424657534246575 2000
1752841652445 0.3424657534246575 2000
1752841684686 0.3595890410958904 2100
1752841715780 0.3767123287671233 2200
1752841747227 0.3938356164383562 2300
1752841778745 0.410958904109589 2400
1752841809815 0.4280821917808219 2500
1752841840814 0.4452054794520548 2600
1752841871780 0.4623287671232877 2700
1752841903241 0.4794520547945205 2800
1752841934491 0.4965753424657534 2900
1752841966011 0.5136986301369864 3000
1752842343360 0.5136986301369864 3000
1752842375503 0.5308219178082192 3100
1752842406554 0.547945205479452 3200
1752842438144 0.565068493150685 3300
1752842469475 0.5821917808219178 3400
1752842500950 0.5993150684931506 3500
1752842532260 0.6164383561643836 3600
1752842563726 0.6335616438356164 3700
1752842594750 0.6506849315068494 3800
1752842626079 0.6678082191780822 3900
1752842657053 0.684931506849315 4000
1752843031008 0.684931506849315 4000
1752843062973 0.702054794520548 4100
1752843093868 0.7191780821917808 4200
1752843124743 0.7363013698630136 4300
1752843155585 0.7534246575342466 4400
1752843186615 0.7705479452054794 4500
1752843217725 0.7876712328767124 4600
1752843248842 0.8047945205479452 4700
1752843279377 0.821917808219178 4800
1752843309790 0.839041095890411 4900
1752843340765 0.8561643835616438 5000
1752843710015 0.8561643835616438 5000
1752843745533 0.8732876712328768 5100
1752843786073 0.8904109589041096 5200
1752843827581 0.9075342465753424 5300
1752843886797 0.9246575342465754 5400
1752843923540 0.9417808219178082 5500
1752843966436 0.958904109589041 5600
1752844003405 0.976027397260274 5700
1752844039534 0.9931506849315068 5800
1752844082366 1.0102739726027397 5900
1752844118866 1.0273972602739727 6000
1752844567462 1.0273972602739727 6000
1752844605166 1.0445205479452055 6100
1752844641254 1.0616438356164384 6200
1752844677468 1.0787671232876712 6300
1752844714141 1.095890410958904 6400
1752844751067 1.1130136986301369 6500
1752844787584 1.13013698630137 6600
1752844886652 1.1472602739726028 6700
1752844923260 1.1643835616438356 6800
1752845013616 1.1815068493150684 6900
1752845095932 1.1986301369863013 7000
1752845812487 1.1986301369863013 7000
1752845927026 1.2157534246575343 7100
1752846031044 1.2328767123287672 7200
1752846063779 1.25 7300
1752846096581 1.2671232876712328 7400
1752846129575 1.2842465753424657 7500
1752846162992 1.3013698630136985 7600
1752846196223 1.3184931506849316 7700
1752846231190 1.3356164383561644 7800
1752846264161 1.3527397260273972 7900
1752846297852 1.36986301369863 8000
1752846689307 1.36986301369863 8000
1752846721316 1.3869863013698631 8100
1752846751630 1.404109589041096 8200
1752846781651 1.4212328767123288 8300
1752846811925 1.4383561643835616 8400
1752846843174 1.4554794520547945 8500
1752846874511 1.4726027397260273 8600
1752846906118 1.4897260273972603 8700
1752846936832 1.5068493150684932 8800
1752846967908 1.523972602739726 8900
1752847000616 1.541095890410959 9000
1752847371280 1.541095890410959 9000
1752847403973 1.558219178082192 9100
1752847435075 1.5753424657534247 9200
1752847466058 1.5924657534246576 9300
1752847497405 1.6095890410958904 9400
1752847528615 1.6267123287671232 9500
1752847559392 1.643835616438356 9600
1752847590350 1.660958904109589 9700
1752847621745 1.678082191780822 9800
1752847652704 1.6952054794520548 9900
1752847684005 1.7123287671232876 10000
1752848059760 1.7123287671232876 10000
1752848092512 1.7294520547945207 10100
1752848124513 1.7465753424657535 10200
1752848155946 1.7636986301369864 10300
1752848187197 1.7808219178082192 10400
1752848218399 1.797945205479452 10500
1752848250201 1.8150684931506849 10600
1752848280937 1.8321917808219177 10700
1752848312090 1.8493150684931505 10800
1752848343170 1.8664383561643836 10900
1752848373964 1.8835616438356164 11000
1752848785789 1.8835616438356164 11000
1752848821117 1.9006849315068495 11100
1752848855140 1.9178082191780823 11200
1752848889398 1.9349315068493151 11300
1752848923716 1.952054794520548 11400
1752848957542 1.9691780821917808 11500
1752848991146 1.9863013698630136 11600
1752849025813 2.0034246575342465 11700
1752849061675 2.0205479452054793 11800
1752849099985 2.037671232876712 11900
1752849137043 2.0547945205479454 12000
1752849909254 2.0547945205479454 12000
1752849941856 2.0719178082191783 12100
1752849973401 2.089041095890411 12200
1752850005385 2.106164383561644 12300
1752850037124 2.1232876712328768 12400
1752850068619 2.1404109589041096 12500
1752850100513 2.1575342465753424 12600
1752850131995 2.1746575342465753 12700
1752850164005 2.191780821917808 12800
1752850195794 2.208904109589041 12900
1752850228466 2.2260273972602738 13000
1752850954156 2.2260273972602738 13000
1752850990776 2.243150684931507 13100
1752851026583 2.26027397260274 13200
1752851062182 2.2773972602739727 13300
1752851098978 2.2945205479452055 13400
1752851134959 2.3116438356164384 13500
1752851170649 2.328767123287671 13600
1752851206337 2.345890410958904 13700
1752851241688 2.363013698630137 13800
1752851277462 2.3801369863013697 13900
1752851313251 2.3972602739726026 14000
1752852064286 2.3972602739726026 14000
1752852102911 2.4143835616438354 14100
1752852138234 2.4315068493150687 14200
1752852173776 2.4486301369863015 14300
1752852209114 2.4657534246575343 14400
1752852245690 2.482876712328767 14500
1752852281640 2.5 14600
1752852317135 2.517123287671233 14700
1752852352435 2.5342465753424657 14800
1752852387702 2.5513698630136985 14900
1752852423102 2.5684931506849313 15000
