1752840322082 0.3142577111721039 100
1752840352870 0.13461728394031525 200
1752840383893 0.1854255348443985 300
1752840415072 0.17011360824108124 400
1752840446250 0.2361648827791214 500
1752840477876 0.12687577307224274 600
1752840509384 0.1625606268644333 700
1752840541228 0.12536534667015076 800
1752840573049 0.14090313017368317 900
1752840604858 0.20612621307373047 1000
1752841003605 0.18193319439888 1100
1752841034638 0.15322943031787872 1200
1752841065725 0.16813257336616516 1300
1752841097120 0.16833266615867615 1400
1752841128495 0.14679314196109772 1500
1752841159653 0.1778072565793991 1600
1752841190917 0.13524752855300903 1700
1752841222152 0.1397731602191925 1800
1752841254087 0.17262126505374908 1900
1752841285291 0.1271383911371231 2000
1752841684686 0.18252888321876526 2100
1752841715780 0.15762117505073547 2200
1752841747227 0.19724735617637634 2300
1752841778745 0.13632279634475708 2400
1752841809815 0.1414240002632141 2500
1752841840814 0.1635107696056366 2600
1752841871780 0.15613780915737152 2700
1752841903241 0.14127615094184875 2800
1752841934491 0.15983662009239197 2900
1752841966011 0.13443610072135925 3000
1752842375503 0.19389677047729492 3100
1752842406554 0.1549690067768097 3200
1752842438144 0.16985109448432922 3300
1752842469475 0.12734495103359222 3400
1752842500950 0.2681095004081726 3500
1752842532260 0.12918692827224731 3600
1752842563726 0.1255129724740982 3700
1752842594750 0.12519778311252594 3800
1752842626079 0.12837526202201843 3900
1752842657053 0.21816061437129974 4000
1752843062973 0.16014432907104492 4100
1752843093868 0.11887061595916748 4200
1752843124743 0.149372860789299 4300
1752843155585 0.18121184408664703 4400
1752843186615 0.14890408515930176 4500
1752843217725 0.19893857836723328 4600
1752843248842 0.1293540745973587 4700
1752843279377 0.12986932694911957 4800
1752843309790 0.20697066187858582 4900
1752843340765 0.16499419510364532 5000
1752843745533 0.14100438356399536 5100
1752843786073 0.2159406989812851 5200
1752843827581 0.18317580223083496 5300
1752843886797 0.1093975082039833 5400
1752843923540 0.15682147443294525 5500
1752843966436 0.1527058184146881 5600
1752844003405 0.15763920545578003 5700
1752844039534 0.17755869030952454 5800
1752844082366 0.1291678547859192 5900
1752844118866 0.13716760277748108 6000
1752844605166 0.16335250437259674 6100
1752844641254 0.17919833958148956 6200
1752844677468 0.22563466429710388 6300
1752844714141 0.1808677315711975 6400
1752844751067 0.2138243168592453 6500
1752844787584 0.17863205075263977 6600
1752844886652 0.16743090748786926 6700
1752844923260 0.1960141807794571 6800
1752845013616 0.18002638220787048 6900
1752845095932 0.15076182782649994 7000
1752845927026 0.2695026397705078 7100
1752846031044 0.11684959381818771 7200
1752846063779 0.13516120612621307 7300
1752846096581 0.17789225280284882 7400
1752846129575 0.17980922758579254 7500
1752846162992 0.16047883033752441 7600
1752846196223 0.1374894082546234 7700
1752846231190 0.13358837366104126 7800
1752846264161 0.14066393673419952 7900
1752846297852 0.18216627836227417 8000
1752846721316 0.16431871056556702 8100
1752846751630 0.16361205279827118 8200
1752846781651 0.15310634672641754 8300
1752846811925 0.14313478767871857 8400
1752846843174 0.18408583104610443 8500
1752846874511 0.16803430020809174 8600
1752846906118 0.13192197680473328 8700
1752846936832 0.17039555311203003 8800
1752846967908 0.2612471282482147 8900
1752847000616 0.1557556539773941 9000
1752847403973 0.2078450471162796 9100
1752847435075 0.13083955645561218 9200
1752847466058 0.20616398751735687 9300
1752847497405 0.2125072181224823 9400
1752847528615 0.1526956409215927 9500
1752847559392 0.1127098947763443 9600
1752847590350 0.14418497681617737 9700
1752847621745 0.2667163908481598 9800
1752847652704 0.14194002747535706 9900
1752847684005 0.15930455923080444 10000
1752848092512 0.1899687498807907 10100
1752848124513 0.13334082067012787 10200
1752848155946 0.15217269957065582 10300
1752848187197 0.11426606774330139 10400
1752848218399 0.1568460911512375 10500
1752848250201 0.17697030305862427 10600
1752848280937 0.21761329472064972 10700
1752848312090 0.10578075051307678 10800
1752848343170 0.11645028740167618 10900
1752848373964 0.15075477957725525 11000
1752848821117 0.22768323123455048 11100
1752848855140 0.2514457702636719 11200
1752848889398 0.19345171749591827 11300
1752848923716 0.18062523007392883 11400
1752848957542 0.23218828439712524 11500
1752848991146 0.1379568874835968 11600
1752849025813 0.1167236864566803 11700
1752849061675 0.16988830268383026 11800
1752849099985 0.2188880890607834 11900
1752849137043 0.13936097919940948 12000
1752849941856 0.1582614779472351 12100
1752849973401 0.17808352410793304 12200
1752850005385 0.12708768248558044 12300
1752850037124 0.1834934800863266 12400
1752850068619 0.1415775567293167 12500
1752850100513 0.1254933923482895 12600
1752850131995 0.21547098457813263 12700
1752850164005 0.15384921431541443 12800
1752850195794 0.20334097743034363 12900
1752850228466 0.20318613946437836 13000
1752850990776 0.18789219856262207 13100
1752851026583 0.22193032503128052 13200
1752851062182 0.2004193663597107 13300
1752851098978 0.12768195569515228 13400
1752851134959 0.18804340064525604 13500
1752851170649 0.15672442317008972 13600
1752851206337 0.20225639641284943 13700
1752851241688 0.15700654685497284 13800
1752851277462 0.2072693109512329 13900
1752851313251 0.18859276175498962 14000
1752852102911 0.20170974731445312 14100
1752852138234 0.19601020216941833 14200
1752852173776 0.0949360579252243 14300
1752852209114 0.19975170493125916 14400
1752852245690 0.18010084331035614 14500
1752852281640 0.19869151711463928 14600
1752852317135 0.1887255758047104 14700
1752852352435 0.1367967575788498 14800
1752852387702 0.18580059707164764 14900
1752852423102 0.14904506504535675 15000
