1752840322082 0.0004972031963470319 100
1752840352870 0.0004943493150684932 200
1752840383893 0.0004914954337899544 300
1752840415072 0.0004886415525114155 400
1752840446250 0.0004857876712328767 500
1752840477876 0.0004829337899543379 600
1752840509384 0.0004800799086757991 700
1752840541228 0.00047722602739726027 800
1752840573049 0.0004743721461187215 900
1752840604858 0.0004715182648401827 1000
1752841003605 0.00046866438356164386 1100
1752841034638 0.000465810502283105 1200
1752841065725 0.00046295662100456623 1300
1752841097120 0.0004601027397260274 1400
1752841128495 0.0004572488584474886 1500
1752841159653 0.00045439497716894976 1600
1752841190917 0.000451541095890411 1700
1752841222152 0.0004486872146118722 1800
1752841254087 0.00044583333333333335 1900
1752841285291 0.0004429794520547945 2000
1752841684686 0.0004401255707762557 2100
1752841715780 0.0004372716894977169 2200
1752841747227 0.0004344178082191781 2300
1752841778745 0.0004315639269406393 2400
1752841809815 0.00042871004566210046 2500
1752841840814 0.0004258561643835617 2600
1752841871780 0.0004230022831050229 2700
1752841903241 0.000420148401826484 2800
1752841934491 0.0004172945205479452 2900
1752841966011 0.00041444063926940637 3000
1752842375503 0.0004115867579908676 3100
1752842406554 0.0004087328767123288 3200
1752842438144 0.00040587899543378995 3300
1752842469475 0.00040302511415525117 3400
1752842500950 0.0004001712328767123 3500
1752842532260 0.0003973173515981735 3600
1752842563726 0.0003944634703196347 3700
1752842594750 0.0003916095890410959 3800
1752842626079 0.00038875570776255707 3900
1752842657053 0.00038593036529680364 4000
1752843062973 0.00038307648401826486 4100
1752843093868 0.000380222602739726 4200
1752843124743 0.00037736872146118723 4300
1752843155585 0.00037451484018264844 4400
1752843186615 0.0003716609589041096 4500
1752843217725 0.0003688070776255708 4600
1752843248842 0.000365953196347032 4700
1752843279377 0.00036309931506849313 4800
1752843309790 0.00036024543378995435 4900
1752843340765 0.0003573915525114155 5000
1752843745533 0.0003545376712328767 5100
1752843786073 0.00035168378995433793 5200
1752843827581 0.0003488299086757991 5300
1752843886797 0.0003459760273972603 5400
1752843923540 0.00034312214611872146 5500
1752843966436 0.0003402682648401826 5600
1752844003405 0.00033741438356164384 5700
1752844039534 0.00033456050228310505 5800
1752844082366 0.0003317066210045662 5900
1752844118866 0.0003288527397260274 6000
1752844605166 0.00032599885844748864 6100
1752844641254 0.0003231449771689498 6200
1752844677468 0.00032029109589041095 6300
1752844714141 0.0003174372146118721 6400
1752844751067 0.00031458333333333333 6500
1752844787584 0.00031172945205479454 6600
1752844886652 0.0003088755707762557 6700
1752844923260 0.0003060216894977169 6800
1752845013616 0.0003031678082191781 6900
1752845095932 0.00030031392694063923 7000
1752845927026 0.00029746004566210044 7100
1752846031044 0.00029460616438356166 7200
1752846063779 0.0002917522831050228 7300
1752846096581 0.00028889840182648403 7400
1752846129575 0.00028604452054794524 7500
1752846162992 0.0002831906392694064 7600
1752846196223 0.0002803367579908676 7700
1752846231190 0.0002774828767123287 7800
1752846264161 0.00027462899543378994 7900
1752846297852 0.00027177511415525115 8000
1752846721316 0.0002689212328767123 8100
1752846751630 0.0002660673515981735 8200
1752846781651 0.00026321347031963473 8300
1752846811925 0.0002603595890410959 8400
1752846843174 0.0002575057077625571 8500
1752846874511 0.00025465182648401827 8600
1752846906118 0.0002517979452054794 8700
1752846936832 0.00024894406392694064 8800
1752846967908 0.00024609018264840185 8900
1752847000616 0.000243236301369863 9000
1752847403973 0.00024038242009132422 9100
1752847435075 0.00023752853881278538 9200
1752847466058 0.00023467465753424657 9300
1752847497405 0.00023182077625570778 9400
1752847528615 0.00022896689497716897 9500
1752847559392 0.00022611301369863013 9600
1752847590350 0.00022325913242009132 9700
1752847621745 0.00022043378995433791 9800
1752847652704 0.0002175799086757991 9900
1752847684005 0.00021472602739726026 10000
1752848092512 0.00021187214611872147 10100
1752848124513 0.00020901826484018266 10200
1752848155946 0.00020616438356164385 10300
1752848187197 0.00020331050228310503 10400
1752848218399 0.00020045662100456622 10500
1752848250201 0.0001976027397260274 10600
1752848280937 0.00019474885844748856 10700
1752848312090 0.00019189497716894978 10800
1752848343170 0.00018904109589041096 10900
1752848373964 0.00018618721461187215 11000
1752848821117 0.00018333333333333334 11100
1752848855140 0.00018047945205479452 11200
1752848889398 0.0001776255707762557 11300
1752848923716 0.0001747716894977169 11400
1752848957542 0.00017191780821917808 11500
1752848991146 0.00016906392694063927 11600
1752849025813 0.00016621004566210045 11700
1752849061675 0.00016335616438356167 11800
1752849099985 0.00016050228310502283 11900
1752849137043 0.000157648401826484 12000
1752849941856 0.0001547945205479452 12100
1752849973401 0.0001519406392694064 12200
1752850005385 0.00014908675799086757 12300
1752850037124 0.00014623287671232876 12400
1752850068619 0.00014337899543378997 12500
1752850100513 0.00014052511415525116 12600
1752850131995 0.00013767123287671232 12700
1752850164005 0.0001348173515981735 12800
1752850195794 0.00013196347031963472 12900
1752850228466 0.0001291095890410959 13000
1752850990776 0.00012625570776255706 13100
1752851026583 0.00012340182648401827 13200
1752851062182 0.00012054794520547946 13300
1752851098978 0.00011769406392694063 13400
1752851134959 0.00011484018264840183 13500
1752851170649 0.00011198630136986302 13600
1752851206337 0.0001091324200913242 13700
1752851241688 0.00010627853881278539 13800
1752851277462 0.00010342465753424658 13900
1752851313251 0.00010057077625570776 14000
1752852102911 9.771689497716895e-05 14100
1752852138234 9.486301369863014e-05 14200
1752852173776 9.200913242009134e-05 14300
1752852209114 8.915525114155251e-05 14400
1752852245690 8.630136986301371e-05 14500
1752852281640 8.344748858447488e-05 14600
1752852317135 8.059360730593608e-05 14700
1752852352435 7.773972602739726e-05 14800
1752852387702 7.488584474885844e-05 14900
1752852423102 7.203196347031964e-05 15000
