1752840322082 8.7827 100
1752840352870 6.9797 200
1752840383893 6.9129 300
1752840415072 6.8705 400
1752840446250 6.827 500
1752840477876 6.7745 600
1752840509384 6.8136 700
1752840541228 6.8323 800
1752840573049 6.7636 900
1752840604858 6.8169 1000
1752841003605 6.7603 1100
1752841034638 6.7627 1200
1752841065725 6.8182 1300
1752841097120 6.8314 1400
1752841128495 6.7599 1500
1752841159653 6.8173 1600
1752841190917 6.809 1700
1752841222152 6.7826 1800
1752841254087 6.759 1900
1752841285291 6.7946 2000
1752841684686 6.7785 2100
1752841715780 6.7357 2200
1752841747227 6.809 2300
1752841778745 6.7501 2400
1752841809815 6.754 2500
1752841840814 6.7729 2600
1752841871780 6.7738 2700
1752841903241 6.7313 2800
1752841934491 6.773 2900
1752841966011 6.7393 3000
1752842375503 6.7976 3100
1752842406554 6.7882 3200
1752842438144 6.7777 3300
1752842469475 6.7301 3400
1752842500950 6.7721 3500
1752842532260 6.7749 3600
1752842563726 6.7952 3700
1752842594750 6.7678 3800
1752842626079 6.7846 3900
1752842657053 6.7743 4000
1752843062973 6.7239 4100
1752843093868 6.7637 4200
1752843124743 6.7499 4300
1752843155585 6.7779 4400
1752843186615 6.7732 4500
1752843217725 6.7311 4600
1752843248842 6.7812 4700
1752843279377 6.7767 4800
1752843309790 6.7611 4900
1752843340765 6.7504 5000
1752843745533 6.7874 5100
1752843786073 6.7961 5200
1752843827581 6.762 5300
1752843886797 6.7912 5400
1752843923540 6.7486 5500
1752843966436 6.7554 5600
1752844003405 6.7357 5700
1752844039534 6.7634 5800
1752844082366 6.7346 5900
1752844118866 6.7398 6000
1752844605166 6.7418 6100
1752844641254 6.7697 6200
1752844677468 6.7166 6300
1752844714141 6.7691 6400
1752844751067 6.7319 6500
1752844787584 6.7674 6600
1752844886652 6.7647 6700
1752844923260 6.7235 6800
1752845013616 6.7757 6900
1752845095932 6.7268 7000
1752845927026 6.7519 7100
1752846031044 6.754 7200
1752846063779 6.7579 7300
1752846096581 6.7852 7400
1752846129575 6.7422 7500
1752846162992 6.765 7600
1752846196223 6.7779 7700
1752846231190 6.7237 7800
1752846264161 6.7042 7900
1752846297852 6.7054 8000
1752846721316 6.782 8100
1752846751630 6.7534 8200
1752846781651 6.7481 8300
1752846811925 6.7394 8400
1752846843174 6.7783 8500
1752846874511 6.7018 8600
1752846906118 6.7516 8700
1752846936832 6.7475 8800
1752846967908 6.7076 8900
1752847000616 6.7423 9000
1752847403973 6.7088 9100
1752847435075 6.7397 9200
1752847466058 6.7306 9300
1752847497405 6.7722 9400
1752847528615 6.7934 9500
1752847559392 6.7885 9600
1752847590350 6.721 9700
1752847621745 6.7329 9800
1752847652704 6.7904 9900
1752847684005 6.7344 10000
1752848092512 6.7406 10100
1752848124513 6.7262 10200
1752848155946 6.7324 10300
1752848187197 6.7838 10400
1752848218399 6.7734 10500
1752848250201 6.7656 10600
1752848280937 6.7613 10700
1752848312090 6.7555 10800
1752848343170 6.7436 10900
1752848373964 6.7657 11000
1752848821117 6.7197 11100
1752848855140 6.7715 11200
1752848889398 6.7205 11300
1752848923716 6.7404 11400
1752848957542 6.6989 11500
1752848991146 6.716 11600
1752849025813 6.7414 11700
1752849061675 6.6974 11800
1752849099985 6.7169 11900
1752849137043 6.7494 12000
1752849941856 6.7162 12100
1752849973401 6.7172 12200
1752850005385 6.7434 12300
1752850037124 6.746 12400
1752850068619 6.7527 12500
1752850100513 6.7308 12600
1752850131995 6.7719 12700
1752850164005 6.7661 12800
1752850195794 6.7312 12900
1752850228466 6.6661 13000
1752850990776 6.7935 13100
1752851026583 6.7229 13200
1752851062182 6.7335 13300
1752851098978 6.7139 13400
1752851134959 6.7336 13500
1752851170649 6.7884 13600
1752851206337 6.7405 13700
1752851241688 6.7854 13800
1752851277462 6.7243 13900
1752851313251 6.6969 14000
1752852102911 6.7241 14100
1752852138234 6.7158 14200
1752852173776 6.7583 14300
1752852209114 6.742 14400
1752852245690 6.7463 14500
1752852281640 6.7105 14600
1752852317135 6.7399 14700
1752852352435 6.7209 14800
1752852387702 6.7162 14900
1752852423102 6.7346 15000
