1753177240500 0.019264110961279137 100
1753177274558 0.038528221922558274 200
1753177308772 0.05779233288383741 300
1753177342916 0.07705644384511655 400
1753177377183 0.09632055480639569 500
1753177411236 0.11558466576767482 600
1753177445377 0.13484877672895396 700
1753177479199 0.1541128876902331 800
1753177512880 0.17337699865151224 900
1753177547018 0.19264110961279138 1000
1753178580169 0.19264110961279138 1000
1753178615439 0.21190522057407052 1100
1753178649260 0.23116933153534963 1200
1753178683165 0.2504334424966288 1300
1753178716846 0.2696975534579079 1400
1753178750753 0.2889616644191871 1500
1753178784607 0.3082257753804662 1600
1753178818346 0.3274898863417453 1700
1753178852134 0.3467539973030245 1800
1753178886027 0.3660181082643036 1900
1753178919822 0.38528221922558276 2000
1753179948207 0.38528221922558276 2000
1753179982567 0.40454633018686187 2100
1753180015918 0.42381044114814104 2200
1753180049155 0.44307455210942015 2300
1753180082420 0.46233866307069926 2400
1753180116269 0.48160277403197843 2500
1753180149602 0.5008668849932576 2600
1753180183127 0.5201309959545367 2700
1753180216433 0.5393951069158158 2800
1753180249815 0.5586592178770949 2900
1753180283193 0.5779233288383742 3000
1753181302144 0.5779233288383742 3000
1753181336635 0.5971874397996533 3100
1753181370127 0.6164515507609324 3200
1753181403586 0.6357156617222115 3300
1753181437051 0.6549797726834906 3400
1753181470405 0.6742438836447698 3500
1753181503877 0.693507994606049 3600
1753181536033 0.7127721055673281 3700
1753181569984 0.7320362165286072 3800
1753181604624 0.7513003274898863 3900
1753181638914 0.7705644384511655 4000
1753182699877 0.7705644384511655 4000
1753182735307 0.7898285494124446 4100
1753182769835 0.8090926603737237 4200
1753182804187 0.8283567713350029 4300
1753182838529 0.8476208822962821 4400
1753182872737 0.8668849932575612 4500
1753182906619 0.8861491042188403 4600
1753182940821 0.9054132151801194 4700
1753182974924 0.9246773261413985 4800
1753183023078 0.9439414371026777 4900
1753183067836 0.9632055480639569 5000
1753184547647 0.9632055480639569 5000
1753184593857 0.982469659025236 5100
1753184641390 1.0017337699865152 5200
1753184769673 1.0209978809477942 5300
1753184823640 1.0402619919090734 5400
1753184868627 1.0595261028703524 5500
1753184955237 1.0787902138316317 5600
1753184991046 1.0980543247929109 5700
1753185026674 1.1173184357541899 5800
1753185062817 1.136582546715469 5900
1753185098806 1.155846657676748 6000
1753186440665 1.155846657676748 6000
1753186478575 1.1751107686380273 6100
1753186515268 1.1943748795993065 6200
1753186551663 1.2136389905605856 6300
1753186587562 1.2329031015218648 6400
1753186623272 1.252167212483144 6500
1753186659031 1.271431323444423 6600
1753186694980 1.2906954344057022 6700
1753186730844 1.3099595453669814 6800
1753186766759 1.3292236563282605 6900
1753186802616 1.3484877672895395 7000
1753188132950 1.3484877672895395 7000
1753188169971 1.3677518782508187 7100
1753188206308 1.387015989212098 7200
1753188242789 1.406280100173377 7300
1753188278861 1.4255442111346561 7400
1753188314585 1.4448083220959353 7500
1753188350553 1.4640724330572144 7600
1753188386411 1.4833365440184936 7700
1753188422310 1.5026006549797728 7800
1753188458046 1.5218647659410518 7900
1753188494281 1.5411288769023308 8000
1753189826016 1.5411288769023308 8000
1753189863033 1.5603929878636102 8100
1753189899316 1.5796570988248892 8200
1753189935118 1.5989212097861683 8300
1753189971283 1.6181853207474475 8400
1753190007297 1.6374494317087267 8500
1753190043731 1.6567135426700057 8600
1753190079638 1.675977653631285 8700
1753190118062 1.6952417645925641 8800
1753190153843 1.7145058755538432 8900
1753190189756 1.7337699865151224 9000
1753191575095 1.7337699865151224 9000
1753191620390 1.7530340974764016 9100
1753191671955 1.7722982084376806 9200
1753191725383 1.7915623193989596 9300
1753191774228 1.8108264303602388 9400
1753191823353 1.830090541321518 9500
1753191892037 1.849354652282797 9600
1753191936799 1.8686187632440763 9700
1753191984033 1.8878828742053555 9800
1753192028204 1.9071469851666345 9900
1753192072515 1.9264110961279137 10000
1753193682991 1.9264110961279137 10000
1753193718826 1.945675207089193 10100
1753193753211 1.964939318050472 10200
1753193788167 1.984203429011751 10300
1753193822641 2.0034675399730304 10400
1753193856962 2.0227316509343094 10500
1753193892719 2.0419957618955884 10600
1753193926920 2.061259872856868 10700
1753193961009 2.080523983818147 10800
1753193995365 2.099788094779426 10900
1753194029875 2.119052205740705 11000
1753195142690 2.119052205740705 11000
1753195177382 2.1383163167019843 11100
1753195211852 2.1575804276632633 11200
1753195245721 2.1768445386245423 11300
1753195279459 2.1961086495858217 11400
1753195310260 2.2153727605471008 11500
1753195343959 2.2346368715083798 11600
1753195378284 2.253900982469659 11700
1753195412855 2.273165093430938 11800
1753195448721 2.292429204392217 11900
1753195485795 2.311693315353496 12000
1753196641076 2.311693315353496 12000
1753196677111 2.3309574263147756 12100
1753196711601 2.3502215372760547 12200
1753196746014 2.369485648237334 12300
1753196780764 2.388749759198613 12400
1753196819353 2.408013870159892 12500
1753196855817 2.427277981121171 12600
1753196891730 2.4465420920824505 12700
1753196924602 2.4658062030437295 12800
1753196959898 2.4850703140050086 12900
1753196994563 2.504334424966288 13000
1753198335454 2.504334424966288 13000
1753198384579 2.523598535927567 13100
1753198429880 2.542862646888846 13200
1753198474873 2.562126757850125 13300
1753198519914 2.5813908688114044 13400
1753198583771 2.6006549797726835 13500
1753198645753 2.619919090733963 13600
1753198752381 2.639183201695242 13700
1753198798666 2.658447312656521 13800
1753198893649 2.6777114236178 13900
1753198929997 2.696975534579079 14000
1753200263802 2.696975534579079 14000
1753200302246 2.7162396455403583 14100
1753200339156 2.7355037565016374 14200
1753200376043 2.754767867462917 14300
1753200412978 2.774031978424196 14400
1753200450022 2.793296089385475 14500
1753200486669 2.812560200346754 14600
1753200523275 2.8318243113080332 14700
1753200559985 2.8510884222693123 14800
1753200596605 2.8703525332305913 14900
1753200633144 2.8896166441918707 15000
1753201963803 2.8896166441918707 15000
1753202000771 2.9088807551531497 15100
1753202036364 2.9281448661144287 15200
1753202071816 2.9474089770757077 15300
1753202107326 2.966673088036987 15400
1753202142800 2.985937198998266 15500
1753202178209 3.005201309959545 15600
1753202213982 3.0244654209208246 15700
1753202249666 3.0437295318821036 15800
1753202285133 3.0629936428433826 15900
1753202320812 3.082257753804662 16000
1753203656218 3.082257753804662 16000
1753203693258 3.101521864765941 16100
1753203729259 3.12078597572722 16200
1753203765321 3.1400500866884995 16300
1753203801098 3.1593141976497785 16400
1753203836661 3.1785783086110575 16500
1753203872331 3.1978424195723365 16600
1753203908256 3.217106530533616 16700
1753203944392 3.236370641494895 16800
1753203980377 3.2556347524561744 16900
1753204016306 3.2748988634174534 17000
1753205340291 3.2748988634174534 17000
1753205377437 3.2941629743787324 17100
1753205413556 3.3134270853400114 17200
1753205449028 3.332691196301291 17300
1753205484683 3.35195530726257 17400
1753205520475 3.371219418223849 17500
1753205556318 3.3904835291851283 17600
1753205591951 3.4097476401464073 17700
1753205627670 3.4290117511076863 17800
1753205663502 3.4482758620689653 17900
1753205699354 3.4675399730302447 18000
1753207005808 3.4675399730302447 18000
1753207042123 3.4868040839915238 18100
1753207077690 3.506068194952803 18200
1753207113176 3.525332305914082 18300
1753207148800 3.544596416875361 18400
1753207184539 3.56386052783664 18500
1753207220142 3.583124638797919 18600
1753207255932 3.6023887497591986 18700
1753207291864 3.6216528607204777 18800
1753207327549 3.640916971681757 18900
1753207363195 3.660181082643036 19000
1753208864355 3.660181082643036 19000
1753208912326 3.679445193604315 19100
1753208959411 3.698709304565594 19200
1753209006133 3.7179734155268735 19300
1753209052827 3.7372375264881526 19400
1753209099766 3.7565016374494316 19500
1753209146254 3.775765748410711 19600
1753209193400 3.79502985937199 19700
1753209239837 3.814293970333269 19800
1753209287247 3.833558081294548 19900
1753209333956 3.8528221922558274 20000
1753212207377 3.8528221922558274 20000
1753212239976 3.8720863032171065 20100
1753212271406 3.891350414178386 20200
