1753177240500 0.19532106816768646 100
1753177274558 0.1612553596496582 200
1753177308772 0.15607990324497223 300
1753177342916 0.12530985474586487 400
1753177377183 0.15807165205478668 500
1753177411236 0.17603030800819397 600
1753177445377 0.16167178750038147 700
1753177479199 0.13330410420894623 800
1753177512880 0.14887677133083344 900
1753177547018 0.14956076443195343 1000
1753178615439 0.13878147304058075 1100
1753178649260 0.1677013337612152 1200
1753178683165 0.17787253856658936 1300
1753178716846 0.15539804100990295 1400
1753178750753 0.17636056244373322 1500
1753178784607 0.13567271828651428 1600
1753178818346 0.09544797241687775 1700
1753178852134 0.1022719070315361 1800
1753178886027 0.18676167726516724 1900
1753178919822 0.1431242823600769 2000
1753179982567 0.18759223818778992 2100
1753180015918 0.17232359945774078 2200
1753180049155 0.16943314671516418 2300
1753180082420 0.22112782299518585 2400
1753180116269 0.10231766849756241 2500
1753180149602 0.23980097472667694 2600
1753180183127 0.16121964156627655 2700
1753180216433 0.16783112287521362 2800
1753180249815 0.27572283148765564 2900
1753180283193 0.13046234846115112 3000
1753181336635 0.16036026179790497 3100
1753181370127 0.13887743651866913 3200
1753181403586 0.13234993815422058 3300
1753181437051 0.16949297487735748 3400
1753181470405 0.13215719163417816 3500
1753181503877 0.12517401576042175 3600
1753181536033 0.2205323576927185 3700
1753181569984 0.14773719012737274 3800
1753181604624 0.1738814115524292 3900
1753181638914 0.19274981319904327 4000
1753182735307 0.193040668964386 4100
1753182769835 0.10669070482254028 4200
1753182804187 0.2203027456998825 4300
1753182838529 0.16441276669502258 4400
1753182872737 0.15223346650600433 4500
1753182906619 0.17164984345436096 4600
1753182940821 0.14401942491531372 4700
1753182974924 0.1437123715877533 4800
1753183023078 0.17106984555721283 4900
1753183067836 0.15550032258033752 5000
1753184593857 0.16803786158561707 5100
1753184641390 0.16554230451583862 5200
1753184769673 0.1355752795934677 5300
1753184823640 0.18031032383441925 5400
1753184868627 0.19419324398040771 5500
1753184955237 0.2535907030105591 5600
1753184991046 0.15133121609687805 5700
1753185026674 0.1596049666404724 5800
1753185062817 0.19986365735530853 5900
1753185098806 0.17286932468414307 6000
1753186478575 0.1095486655831337 6100
1753186515268 0.17668591439723969 6200
1753186551663 0.17946089804172516 6300
1753186587562 0.23795095086097717 6400
1753186623272 0.13520391285419464 6500
1753186659031 0.19295725226402283 6600
1753186694980 0.2947702705860138 6700
1753186730844 0.15210019052028656 6800
1753186766759 0.15760162472724915 6900
1753186802616 0.18313829600811005 7000
1753188169971 0.16937696933746338 7100
1753188206308 0.23689992725849152 7200
1753188242789 0.19700747728347778 7300
1753188278861 0.16025306284427643 7400
1753188314585 0.16352663934230804 7500
1753188350553 0.1656680554151535 7600
1753188386411 0.195887953042984 7700
1753188422310 0.20661380887031555 7800
1753188458046 0.15407170355319977 7900
1753188494281 0.1395481526851654 8000
1753189863033 0.13307726383209229 8100
1753189899316 0.16824109852313995 8200
1753189935118 0.1407833993434906 8300
1753189971283 0.14729243516921997 8400
1753190007297 0.14667262136936188 8500
1753190043731 0.15875251591205597 8600
1753190079638 0.18134857714176178 8700
1753190118062 0.1668773740530014 8800
1753190153843 0.1449642777442932 8900
1753190189756 0.15836969017982483 9000
1753191620390 0.17746135592460632 9100
1753191671955 0.25174424052238464 9200
1753191725383 0.17161549627780914 9300
1753191774228 0.12720151245594025 9400
1753191823353 0.15894979238510132 9500
1753191892037 0.14808012545108795 9600
1753191936799 0.20356115698814392 9700
1753191984033 0.21583671867847443 9800
1753192028204 0.12771748006343842 9900
1753192072515 0.1463223397731781 10000
1753193718826 0.14241959154605865 10100
1753193753211 0.1166527271270752 10200
1753193788167 0.16017794609069824 10300
1753193822641 0.1715524047613144 10400
1753193856962 0.15648525953292847 10500
1753193892719 0.2300502210855484 10600
1753193926920 0.21874000132083893 10700
1753193961009 0.13253755867481232 10800
1753193995365 0.19127048552036285 10900
1753194029875 0.16810624301433563 11000
1753195177382 0.1377502679824829 11100
1753195211852 0.17201070487499237 11200
1753195245721 0.11144361644983292 11300
1753195279459 0.19769638776779175 11400
1753195310260 0.2170363813638687 11500
1753195343959 0.13081735372543335 11600
1753195378284 0.15790729224681854 11700
1753195412855 0.22543290257453918 11800
1753195448721 0.14440517127513885 11900
1753195485795 0.23919744789600372 12000
1753196677111 0.17538446187973022 12100
1753196711601 0.18523219227790833 12200
1753196746014 0.11573658883571625 12300
1753196780764 0.13120801746845245 12400
1753196819353 0.15443754196166992 12500
1753196855817 0.2433609664440155 12600
1753196891730 0.15932640433311462 12700
1753196924602 0.15286406874656677 12800
1753196959898 0.15918311476707458 12900
1753196994563 0.21843354403972626 13000
1753198384579 0.14897756278514862 13100
1753198429880 0.22501380741596222 13200
1753198474873 0.1918141394853592 13300
1753198519914 0.1664535254240036 13400
1753198583771 0.28895172476768494 13500
1753198645753 0.24007217586040497 13600
1753198752381 0.1923932135105133 13700
1753198798666 0.13770917057991028 13800
1753198893649 0.2581207752227783 13900
1753198929997 0.22638662159442902 14000
1753200302246 0.17257674038410187 14100
1753200339156 0.18124105036258698 14200
1753200376043 0.15926247835159302 14300
1753200412978 0.11036822199821472 14400
1753200450022 0.18321877717971802 14500
1753200486669 0.14036214351654053 14600
1753200523275 0.17871902883052826 14700
1753200559985 0.21772289276123047 14800
1753200596605 0.23357023298740387 14900
1753200633144 0.17176015675067902 15000
1753202000771 0.24677912890911102 15100
1753202036364 0.12864720821380615 15200
1753202071816 0.13865511119365692 15300
1753202107326 0.14497120678424835 15400
1753202142800 0.15219832956790924 15500
1753202178209 0.2080036848783493 15600
1753202213982 0.11532270163297653 15700
1753202249666 0.1669529676437378 15800
1753202285133 0.1620604246854782 15900
1753202320812 0.13415074348449707 16000
1753203693258 0.11500408500432968 16100
1753203729259 0.1409083604812622 16200
1753203765321 0.19253714382648468 16300
1753203801098 0.14278234541416168 16400
1753203836661 0.14351500570774078 16500
1753203872331 0.15880174934864044 16600
1753203908256 0.2095031589269638 16700
1753203944392 0.13400468230247498 16800
1753203980377 0.18479497730731964 16900
1753204016306 0.1586785614490509 17000
1753205377437 0.19783471524715424 17100
1753205413556 0.15899105370044708 17200
1753205449028 0.220275416970253 17300
1753205484683 0.17472030222415924 17400
1753205520475 0.1637057662010193 17500
1753205556318 0.184819757938385 17600
1753205591951 0.14024700224399567 17700
1753205627670 0.1889096200466156 17800
1753205663502 0.2184479683637619 17900
1753205699354 0.1699143499135971 18000
1753207042123 0.14248360693454742 18100
1753207077690 0.1357925832271576 18200
1753207113176 0.20984254777431488 18300
1753207148800 0.14904433488845825 18400
1753207184539 0.22142696380615234 18500
1753207220142 0.2128419727087021 18600
1753207255932 0.13665513694286346 18700
1753207291864 0.18774288892745972 18800
1753207327549 0.20107516646385193 18900
1753207363195 0.18513256311416626 19000
1753208912326 0.2069840431213379 19100
1753208959411 0.2419925332069397 19200
1753209006133 0.19113580882549286 19300
1753209052827 0.14061957597732544 19400
1753209099766 0.1819595992565155 19500
1753209146254 0.19924978911876678 19600
1753209193400 0.22806693613529205 19700
1753209239837 0.2074895203113556 19800
1753209287247 0.11474847048521042 19900
1753209333956 0.274841845035553 20000
1753212239976 0.2038719356060028 20100
1753212271406 0.18314523994922638 20200
