1753177240500 0.0004990560585628974 100
1753177274558 0.0004980928530148334 200
1753177308772 0.0004971296474667695 300
1753177342916 0.0004961664419187054 400
1753177377183 0.0004952032363706415 500
1753177411236 0.0004942400308225775 600
1753177445377 0.0004932768252745136 700
1753177479199 0.0004923136197264496 800
1753177512880 0.0004913504141783857 900
1753177547018 0.0004903872086303217 1000
1753178615439 0.0004894240030822578 1100
1753178649260 0.0004884607975341938 1200
1753178683165 0.00048749759198612986 1300
1753178716846 0.0004865343864380659 1400
1753178750753 0.00048557118089000194 1500
1753178784607 0.000484607975341938 1600
1753178818346 0.000483644769793874 1700
1753178852134 0.00048268156424581006 1800
1753178886027 0.0004817183586977461 1900
1753178919822 0.00048075515314968215 2000
1753179982567 0.0004797919476016182 2100
1753180015918 0.0004788287420535543 2200
1753180049155 0.0004778655365054903 2300
1753180082420 0.0004769023309574263 2400
1753180116269 0.00047593912540936235 2500
1753180149602 0.0004749759198612984 2600
1753180183127 0.00047401271431323443 2700
1753180216433 0.0004730495087651705 2800
1753180249815 0.00047208630321710657 2900
1753180283193 0.0004711230976690426 3000
1753181336635 0.00047015989212097865 3100
1753181370127 0.00046919668657291464 3200
1753181403586 0.0004682334810248507 3300
1753181437051 0.0004672702754767867 3400
1753181470405 0.0004663070699287228 3500
1753181503877 0.00046534386438065885 3600
1753181536033 0.0004643806588325949 3700
1753181569984 0.00046341745328453093 3800
1753181604624 0.000462454247736467 3900
1753181638914 0.00046149104218840296 4000
1753182735307 0.00046052783664033906 4100
1753182769835 0.0004595646310922751 4200
1753182804187 0.00045860142554421114 4300
1753182838529 0.0004576382199961472 4400
1753182872737 0.0004566750144480832 4500
1753182906619 0.00045571180890001926 4600
1753182940821 0.00045475823540743593 4700
1753182974924 0.000453795029859372 4800
1753183023078 0.000452831824311308 4900
1753183067836 0.0004518686187632441 5000
1753184593857 0.00045090541321518015 5100
1753184641390 0.0004499422076671162 5200
1753184769673 0.00044897900211905223 5300
1753184823640 0.0004480157965709882 5400
1753184868627 0.00044705259102292426 5500
1753184955237 0.00044608938547486036 5600
1753184991046 0.0004451261799267964 5700
1753185026674 0.00044416297437873244 5800
1753185062817 0.0004431997688306685 5900
1753185098806 0.0004422365632826045 6000
1753186478575 0.00044127335773454056 6100
1753186515268 0.0004403101521864766 6200
1753186551663 0.00043934694663841264 6300
1753186587562 0.0004383837410903487 6400
1753186623272 0.0004374205355422847 6500
1753186659031 0.00043645732999422076 6600
1753186694980 0.0004354941244461568 6700
1753186730844 0.0004345309188980929 6800
1753186766759 0.00043356771335002894 6900
1753186802616 0.000432604507801965 7000
1753188169971 0.00043164130225390097 7100
1753188206308 0.000430678096705837 7200
1753188242789 0.00042971489115777305 7300
1753188278861 0.00042875168560970914 7400
1753188314585 0.0004277884800616452 7500
1753188350553 0.0004268252745135812 7600
1753188386411 0.00042586206896551727 7700
1753188422310 0.0004248988634174533 7800
1753188458046 0.0004239356578693893 7900
1753188494281 0.0004229724523213254 8000
1753189863033 0.00042200924677326143 8100
1753189899316 0.00042104604122519747 8200
1753189935118 0.0004200828356771335 8300
1753189971283 0.00041911963012906955 8400
1753190007297 0.0004181564245810056 8500
1753190043731 0.0004171932190329417 8600
1753190079638 0.0004162300134848777 8700
1753190118062 0.0004152668079368137 8800
1753190153843 0.00041430360238874976 8900
1753190189756 0.0004133403968406858 9000
1753191620390 0.00041237719129262184 9100
1753191671955 0.00041141398574455793 9200
1753191725383 0.000410450780196494 9300
1753191774228 0.00040948757464843 9400
1753191823353 0.000408524369100366 9500
1753191892037 0.00040756116355230204 9600
1753191936799 0.0004065979580042381 9700
1753191984033 0.0004056347524561741 9800
1753192028204 0.0004046715469081102 9900
1753192072515 0.00040370834136004626 10000
1753193718826 0.0004027451358119823 10100
1753193753211 0.00040178193026391834 10200
1753193788167 0.0004008187247158544 10300
1753193822641 0.00039985551916779037 10400
1753193856962 0.00039889231361972646 10500
1753193892719 0.0003979291080716625 10600
1753193926920 0.00039696590252359854 10700
1753193961009 0.0003960026969755346 10800
1753193995365 0.0003950394914274706 10900
1753194029875 0.0003940859179348873 11000
1753195177382 0.00039312271238682334 11100
1753195211852 0.0003921595068387594 11200
1753195245721 0.0003911963012906954 11300
1753195279459 0.00039024272779811215 11400
1753195310260 0.0003892891543055288 11500
1753195343959 0.00038832594875746486 11600
1753195378284 0.0003873627432094009 11700
1753195412855 0.00038639953766133695 11800
1753195448721 0.000385436332113273 11900
1753195485795 0.000384473126565209 12000
1753196677111 0.00038350992101714507 12100
1753196711601 0.0003825467154690811 12200
1753196746014 0.00038158350992101715 12300
1753196780764 0.0003806203043729532 12400
1753196819353 0.00037965709882488923 12500
1753196855817 0.00037869389327682527 12600
1753196891730 0.00037773068772876137 12700
1753196924602 0.0003767674821806974 12800
1753196959898 0.0003758042766326334 12900
1753196994563 0.00037484107108456944 13000
1753198384579 0.0003738778655365055 13100
1753198429880 0.0003729146599884415 13200
1753198474873 0.0003719514544403776 13300
1753198519914 0.00037098824889231365 13400
1753198583771 0.0003700250433442497 13500
1753198645753 0.00036906183779618573 13600
1753198752381 0.0003680986322481217 13700
1753198798666 0.00036713542670005776 13800
1753198893649 0.00036617222115199386 13900
1753198929997 0.0003652090156039299 14000
1753200302246 0.00036424581005586594 14100
1753200339156 0.000363282604507802 14200
1753200376043 0.000362319398959738 14300
1753200412978 0.00036135619341167406 14400
1753200450022 0.0003603929878636101 14500
1753200486669 0.00035942978231554614 14600
1753200523275 0.0003584665767674822 14700
1753200559985 0.0003575033712194182 14800
1753200596605 0.00035654016567135426 14900
1753200633144 0.0003555769601232903 15000
1753202000771 0.0003546137545752264 15100
1753202036364 0.00035365054902716244 15200
1753202071816 0.00035268734347909843 15300
1753202107326 0.00035172413793103447 15400
1753202142800 0.0003507609323829705 15500
1753202178209 0.00034979772683490655 15600
1753202213982 0.00034883452128684265 15700
1753202249666 0.0003478713157387787 15800
1753202285133 0.0003469081101907147 15900
1753202320812 0.00034594490464265077 16000
1753203693258 0.00034498169909458675 16100
1753203729259 0.0003440184935465228 16200
1753203765321 0.0003430552879984589 16300
1753203801098 0.00034209208245039493 16400
1753203836661 0.00034112887690233097 16500
1753203872331 0.000340165671354267 16600
1753203908256 0.00033920246580620305 16700
1753203944392 0.0003382488923136197 16800
1753203980377 0.00033728568676555577 16900
1753204016306 0.0003363224812174918 17000
1753205377437 0.00033536890772490854 17100
1753205413556 0.0003344057021768446 17200
1753205449028 0.00033344249662878056 17300
1753205484683 0.0003324792910807166 17400
1753205520475 0.00033151608553265264 17500
1753205556318 0.00033055287998458874 17600
1753205591951 0.0003295896744365248 17700
1753205627670 0.0003286264688884608 17800
1753205663502 0.00032766326334039686 17900
1753205699354 0.0003267000577923329 18000
1753207042123 0.0003257368522442689 18100
1753207077690 0.000324773646696205 18200
1753207113176 0.000323810441148141 18300
1753207148800 0.00032284723560007707 18400
1753207184539 0.0003218840300520131 18500
1753207220142 0.00032092082450394915 18600
1753207255932 0.0003199576189558852 18700
1753207291864 0.0003189944134078213 18800
1753207327549 0.00031803120785975727 18900
1753207363195 0.0003170680023116933 19000
1753208912326 0.00031610479676362935 19100
1753208959411 0.0003151415912155654 19200
1753209006133 0.00031417838566750143 19300
1753209052827 0.00031321518011943753 19400
1753209099766 0.00031225197457137357 19500
1753209146254 0.0003112887690233096 19600
1753209193400 0.0003103255634752456 19700
1753209239837 0.00030936235792718164 19800
1753209287247 0.0003083991523791177 19900
1753209333956 0.0003074359468310538 20000
1753212239976 0.0003064727412829898 20100
1753212271406 0.00030550953573492586 20200
