1753177240500 8.9281 100
1753177274558 6.9255 200
1753177308772 6.8919 300
1753177342916 6.8711 400
1753177377183 6.8384 500
1753177411236 6.8378 600
1753177445377 6.7792 700
1753177479199 6.8447 800
1753177512880 6.7526 900
1753177547018 6.7977 1000
1753178615439 6.7814 1100
1753178649260 6.7669 1200
1753178683165 6.8013 1300
1753178716846 6.7739 1400
1753178750753 6.7772 1500
1753178784607 6.7765 1600
1753178818346 6.78 1700
1753178852134 6.8299 1800
1753178886027 6.7862 1900
1753178919822 6.7803 2000
1753179982567 6.7641 2100
1753180015918 6.8151 2200
1753180049155 6.7612 2300
1753180082420 6.7881 2400
1753180116269 6.7742 2500
1753180149602 6.7689 2600
1753180183127 6.7119 2700
1753180216433 6.7726 2800
1753180249815 6.7993 2900
1753180283193 6.7724 3000
1753181336635 6.7564 3100
1753181370127 6.7844 3200
1753181403586 6.7607 3300
1753181437051 6.7544 3400
1753181470405 6.7804 3500
1753181503877 6.7992 3600
1753181536033 6.7837 3700
1753181569984 6.7804 3800
1753181604624 6.7408 3900
1753181638914 6.7597 4000
1753182735307 6.7474 4100
1753182769835 6.7692 4200
1753182804187 6.7502 4300
1753182838529 6.7537 4400
1753182872737 6.7587 4500
1753182906619 6.7749 4600
1753182940821 6.7573 4700
1753182974924 6.7764 4800
1753183023078 6.7309 4900
1753183067836 6.7706 5000
1753184593857 6.7992 5100
1753184641390 6.7534 5200
1753184769673 6.7299 5300
1753184823640 6.7759 5400
1753184868627 6.7363 5500
1753184955237 6.7405 5600
1753184991046 6.7634 5700
1753185026674 6.7652 5800
1753185062817 6.7653 5900
1753185098806 6.7181 6000
1753186478575 6.7734 6100
1753186515268 6.7093 6200
1753186551663 6.7318 6300
1753186587562 6.7208 6400
1753186623272 6.7442 6500
1753186659031 6.7377 6600
1753186694980 6.7121 6700
1753186730844 6.7636 6800
1753186766759 6.8045 6900
1753186802616 6.7507 7000
1753188169971 6.7249 7100
1753188206308 6.6887 7200
1753188242789 6.7691 7300
1753188278861 6.7347 7400
1753188314585 6.7946 7500
1753188350553 6.7423 7600
1753188386411 6.7159 7700
1753188422310 6.7295 7800
1753188458046 6.717 7900
1753188494281 6.7696 8000
1753189863033 6.7546 8100
1753189899316 6.7375 8200
1753189935118 6.7445 8300
1753189971283 6.7507 8400
1753190007297 6.7542 8500
1753190043731 6.7552 8600
1753190079638 6.712 8700
1753190118062 6.7216 8800
1753190153843 6.8107 8900
1753190189756 6.7872 9000
1753191620390 6.7547 9100
1753191671955 6.6831 9200
1753191725383 6.745 9300
1753191774228 6.7252 9400
1753191823353 6.8134 9500
1753191892037 6.7527 9600
1753191936799 6.7386 9700
1753191984033 6.7583 9800
1753192028204 6.7221 9900
1753192072515 6.7605 10000
1753193718826 6.7196 10100
1753193753211 6.7781 10200
1753193788167 6.7905 10300
1753193822641 6.7302 10400
1753193856962 6.749 10500
1753193892719 6.7557 10600
1753193926920 6.734 10700
1753193961009 6.7669 10800
1753193995365 6.7179 10900
1753194029875 6.7561 11000
1753195177382 6.7424 11100
1753195211852 6.7724 11200
1753195245721 6.7239 11300
1753195279459 6.7337 11400
1753195310260 6.7507 11500
1753195343959 6.7155 11600
1753195378284 6.7209 11700
1753195412855 6.7404 11800
1753195448721 6.7074 11900
1753195485795 6.7442 12000
1753196677111 6.6455 12100
1753196711601 6.7347 12200
1753196746014 6.7287 12300
1753196780764 6.7604 12400
1753196819353 6.7546 12500
1753196855817 6.6993 12600
1753196891730 6.7306 12700
1753196924602 6.726 12800
1753196959898 6.742 12900
1753196994563 6.7436 13000
1753198384579 6.7041 13100
1753198429880 6.7131 13200
1753198474873 6.7304 13300
1753198519914 6.7035 13400
1753198583771 6.7308 13500
1753198645753 6.7553 13600
1753198752381 6.6949 13700
1753198798666 6.7338 13800
1753198893649 6.7709 13900
1753198929997 6.7292 14000
1753200302246 6.7403 14100
1753200339156 6.7685 14200
1753200376043 6.7251 14300
1753200412978 6.7499 14400
1753200450022 6.7626 14500
1753200486669 6.7384 14600
1753200523275 6.7062 14700
1753200559985 6.6932 14800
1753200596605 6.7479 14900
1753200633144 6.7085 15000
1753202000771 6.7107 15100
1753202036364 6.7031 15200
1753202071816 6.7462 15300
1753202107326 6.7405 15400
1753202142800 6.7537 15500
1753202178209 6.7477 15600
1753202213982 6.6898 15700
1753202249666 6.7262 15800
1753202285133 6.7296 15900
1753202320812 6.7523 16000
1753203693258 6.7483 16100
1753203729259 6.743 16200
1753203765321 6.7106 16300
1753203801098 6.73 16400
1753203836661 6.7497 16500
1753203872331 6.7434 16600
1753203908256 6.746 16700
1753203944392 6.7047 16800
1753203980377 6.7238 16900
1753204016306 6.7263 17000
1753205377437 6.7723 17100
1753205413556 6.6508 17200
1753205449028 6.7009 17300
1753205484683 6.743 17400
1753205520475 6.7217 17500
1753205556318 6.7277 17600
1753205591951 6.707 17700
1753205627670 6.6737 17800
1753205663502 6.7152 17900
1753205699354 6.7293 18000
1753207042123 6.7421 18100
1753207077690 6.7354 18200
1753207113176 6.7233 18300
1753207148800 6.6838 18400
1753207184539 6.7113 18500
1753207220142 6.7418 18600
1753207255932 6.6964 18700
1753207291864 6.7327 18800
1753207327549 6.7229 18900
1753207363195 6.7372 19000
1753208912326 6.7048 19100
1753208959411 6.7181 19200
1753209006133 6.6829 19300
1753209052827 6.7453 19400
1753209099766 6.6954 19500
1753209146254 6.7153 19600
1753209193400 6.7369 19700
1753209239837 6.7533 19800
1753209287247 6.7095 19900
1753209333956 6.7551 20000
1753212239976 6.7506 20100
1753212271406 6.7365 20200
