1752856561352 0.019264110961279137 100
1752856605857 0.038528221922558274 200
1752856655045 0.05779233288383741 300
1752856705415 0.07705644384511655 400
1752856754275 0.09632055480639569 500
1752856804264 0.11558466576767482 600
1752856854264 0.13484877672895396 700
1752856902946 0.1541128876902331 800
1752856952932 0.17337699865151224 900
1752857001811 0.19264110961279138 1000
1752858443041 0.19264110961279138 1000
1752858481717 0.21190522057407052 1100
1752858517449 0.23116933153534963 1200
1752858553308 0.2504334424966288 1300
1752858589207 0.2696975534579079 1400
1752858624621 0.2889616644191871 1500
1752858660268 0.3082257753804662 1600
1752858695862 0.3274898863417453 1700
1752858732849 0.3467539973030245 1800
1752858768169 0.3660181082643036 1900
1752858803742 0.38528221922558276 2000
1752860239682 0.38528221922558276 2000
1752860276399 0.40454633018686187 2100
1752860312158 0.42381044114814104 2200
1752860348001 0.44307455210942015 2300
1752860383904 0.46233866307069926 2400
1752860419627 0.48160277403197843 2500
1752860455300 0.5008668849932576 2600
1752860491745 0.5201309959545367 2700
1752860527152 0.5393951069158158 2800
1752860562974 0.5586592178770949 2900
1752860598598 0.5779233288383742 3000
1752862052308 0.5779233288383742 3000
1752862088892 0.5971874397996533 3100
1752862124280 0.6164515507609324 3200
1752862161359 0.6357156617222115 3300
1752862196660 0.6549797726834906 3400
1752862232300 0.6742438836447698 3500
1752862267420 0.693507994606049 3600
1752862302796 0.7127721055673281 3700
1752862338195 0.7320362165286072 3800
1752862373556 0.7513003274898863 3900
1752862408735 0.7705644384511655 4000
1752863815484 0.7705644384511655 4000
1752863853025 0.7898285494124446 4100
1752863888096 0.8090926603737237 4200
1752863922020 0.8283567713350029 4300
1752863957240 0.8476208822962821 4400
1752863992057 0.8668849932575612 4500
1752864028831 0.8861491042188403 4600
1752864064155 0.9054132151801194 4700
1752864099037 0.9246773261413985 4800
1752864134068 0.9439414371026777 4900
1752864168913 0.9632055480639569 5000
1752865584469 0.9632055480639569 5000
1752865621408 0.982469659025236 5100
1752865656372 1.0017337699865152 5200
1752865691544 1.0209978809477942 5300
1752865726740 1.0402619919090734 5400
1752865762436 1.0595261028703524 5500
1752865797819 1.0787902138316317 5600
1752865834824 1.0980543247929109 5700
1752865870358 1.1173184357541899 5800
1752865912145 1.136582546715469 5900
1752865956048 1.155846657676748 6000
1752867521358 1.155846657676748 6000
1752867567434 1.1751107686380273 6100
1752867612759 1.1943748795993065 6200
1752867657526 1.2136389905605856 6300
1752867702779 1.2329031015218648 6400
1752867747721 1.252167212483144 6500
1752867792850 1.271431323444423 6600
1752867837596 1.2906954344057022 6700
1752867882820 1.3099595453669814 6800
1752867927544 1.3292236563282605 6900
1752867972362 1.3484877672895395 7000
1752869431146 1.3484877672895395 7000
1752869468412 1.3677518782508187 7100
1752869503910 1.387015989212098 7200
1752869539488 1.406280100173377 7300
1752869575527 1.4255442111346561 7400
1752869611313 1.4448083220959353 7500
1752869647020 1.4640724330572144 7600
1752869682427 1.4833365440184936 7700
1752869718171 1.5026006549797728 7800
1752869753748 1.5218647659410518 7900
1752869789179 1.5411288769023308 8000
1752871163068 1.5411288769023308 8000
1752871199518 1.5603929878636102 8100
1752871234668 1.5796570988248892 8200
1752871269522 1.5989212097861683 8300
1752871304687 1.6181853207474475 8400
1752871339863 1.6374494317087267 8500
1752871374884 1.6567135426700057 8600
1752871409985 1.675977653631285 8700
1752871445128 1.6952417645925641 8800
1752871480100 1.7145058755538432 8900
1752871515526 1.7337699865151224 9000
1752872955821 1.7337699865151224 9000
1752872992860 1.7530340974764016 9100
1752873028234 1.7722982084376806 9200
1752873063750 1.7915623193989596 9300
1752873099179 1.8108264303602388 9400
1752873135439 1.830090541321518 9500
1752873172311 1.849354652282797 9600
1752873209502 1.8686187632440763 9700
1752873246719 1.8878828742053555 9800
1752873282645 1.9071469851666345 9900
1752873319000 1.9264110961279137 10000
1752874794330 1.9264110961279137 10000
1752874833889 1.945675207089193 10100
1752874872996 1.964939318050472 10200
1752874911756 1.984203429011751 10300
1752874948986 2.0034675399730304 10400
1752874987443 2.0227316509343094 10500
1752875025581 2.0419957618955884 10600
1752875062885 2.061259872856868 10700
1752875098153 2.080523983818147 10800
1752875133420 2.099788094779426 10900
1752875169669 2.119052205740705 11000
1752876621073 2.119052205740705 11000
1752876658548 2.1383163167019843 11100
1752876694949 2.1575804276632633 11200
