1752856561352 0.22776934504508972 100
1752856605857 0.11958939582109451 200
1752856655045 0.1595647931098938 300
1752856705415 0.11684384942054749 400
1752856754275 0.15565776824951172 500
1752856804264 0.17549143731594086 600
1752856854264 0.13755673170089722 700
1752856902946 0.15575602650642395 800
1752856952932 0.1501779556274414 900
1752857001811 0.15442946553230286 1000
1752858481717 0.14535613358020782 1100
1752858517449 0.19439060986042023 1200
1752858553308 0.1737297922372818 1300
1752858589207 0.16575150191783905 1400
1752858624621 0.18282738327980042 1500
1752858660268 0.14301523566246033 1600
1752858695862 0.09086188673973083 1700
1752858732849 0.11380666494369507 1800
1752858768169 0.17266428470611572 1900
1752858803742 0.13732698559761047 2000
1752860276399 0.1844809502363205 2100
1752860312158 0.16983333230018616 2200
1752860348001 0.16284304857254028 2300
1752860383904 0.25669530034065247 2400
1752860419627 0.09155593067407608 2500
1752860455300 0.4416942000389099 2600
1752860491745 0.16711074113845825 2700
1752860527152 0.16981185972690582 2800
1752860562974 0.19324982166290283 2900
1752860598598 0.17399197816848755 3000
1752862088892 0.17347782850265503 3100
1752862124280 0.11748526990413666 3200
1752862161359 0.13884656131267548 3300
1752862196660 0.16375254094600677 3400
1752862232300 0.1382167488336563 3500
1752862267420 0.11936809867620468 3600
1752862302796 0.20290733873844147 3700
1752862338195 0.16325677931308746 3800
1752862373556 0.1660124510526657 3900
1752862408735 0.13168877363204956 4000
1752863853025 0.17568795382976532 4100
1752863888096 0.105373814702034 4200
1752863922020 0.19133909046649933 4300
1752863957240 0.16416022181510925 4400
1752863992057 0.15813156962394714 4500
1752864028831 0.15880733728408813 4600
1752864064155 0.15480169653892517 4700
1752864099037 0.15559950470924377 4800
1752864134068 0.16325493156909943 4900
1752864168913 0.15755577385425568 5000
1752865621408 0.1871451884508133 5100
1752865656372 0.14400814473628998 5200
1752865691544 0.14853526651859283 5300
1752865726740 0.18481740355491638 5400
1752865762436 0.1635032445192337 5500
1752865797819 0.20526403188705444 5600
1752865834824 0.14542394876480103 5700
1752865870358 0.16432315111160278 5800
1752865912145 0.1772327423095703 5900
1752865956048 0.16690851747989655 6000
1752867567434 0.10315840691328049 6100
1752867612759 0.1641385555267334 6200
1752867657526 0.19046658277511597 6300
1752867702779 0.2408294528722763 6400
1752867747721 0.12524476647377014 6500
1752867792850 0.16692638397216797 6600
1752867837596 0.23660898208618164 6700
1752867882820 0.15809078514575958 6800
1752867927544 0.1418193280696869 6900
1752867972362 0.16840526461601257 7000
1752869468412 0.15090498328208923 7100
1752869503910 0.20704001188278198 7200
1752869539488 0.1870441883802414 7300
1752869575527 0.18625028431415558 7400
1752869611313 0.17947715520858765 7500
1752869647020 0.149602472782135 7600
1752869682427 0.19985581934452057 7700
1752869718171 0.15387709438800812 7800
1752869753748 0.14678865671157837 7900
1752869789179 0.14998197555541992 8000
1752871199518 0.14127008616924286 8100
1752871234668 0.11670421063899994 8200
1752871269522 0.16535262763500214 8300
1752871304687 0.1603429615497589 8400
1752871339863 0.15726913511753082 8500
1752871374884 0.14090897142887115 8600
1752871409985 0.14225882291793823 8700
1752871445128 0.12550528347492218 8800
1752871480100 0.11695756763219833 8900
1752871515526 0.15062840282917023 9000
1752872992860 0.19989782571792603 9100
1752873028234 0.19503508508205414 9200
1752873063750 0.13988356292247772 9300
1752873099179 0.13447029888629913 9400
1752873135439 0.13618138432502747 9500
1752873172311 0.1533980518579483 9600
1752873209502 0.17359435558319092 9700
1752873246719 0.19872485101222992 9800
1752873282645 0.1293019950389862 9900
1752873319000 0.11545666307210922 10000
1752874833889 0.14623016119003296 10100
1752874872996 0.09192540496587753 10200
1752874911756 0.17001119256019592 10300
1752874948986 0.15085086226463318 10400
1752874987443 0.1486668586730957 10500
1752875025581 0.2131231725215912 10600
1752875062885 0.20063777267932892 10700
1752875098153 0.13167230784893036 10800
1752875133420 0.14811615645885468 10900
1752875169669 0.18232350051403046 11000
1752876658548 0.27481159567832947 11100
1752876694949 0.14658121764659882 11200
