1752856561352 0.0004968535285429911 100
1752856605857 0.0004936428433827779 200
1752856655045 0.0004904642650741669 300
1752856705415 0.00048725357991395365 400
1752856754275 0.00048404289475374046 500
1752856804264 0.00048083220959352726 600
1752856854264 0.00047765363128491624 700
1752856902946 0.000474442946124703 800
1752856952932 0.00047123226096448985 900
1752857001811 0.0004680215758042766 1000
1752858481717 0.00046481089064406345 1100
1752858517449 0.0004616002054838503 1200
1752858553308 0.00045838952032363706 1300
1752858589207 0.0004551788351634239 1400
1752858624621 0.00045196815000321067 1500
1752858660268 0.0004487574648429975 1600
1752858695862 0.0004455467796827843 1700
1752858732849 0.00044233609452257113 1800
1752858768169 0.00043912540936235793 1900
1752858803742 0.00043591472420214473 2000
1752860276399 0.0004327040390419316 2100
1752860312158 0.00042949335388171834 2200
1752860348001 0.0004262826687215052 2300
1752860383904 0.000423071983561292 2400
1752860419627 0.0004198612984010788 2500
1752860455300 0.0004166506132408656 2600
1752860491745 0.0004134399280806524 2700
1752860527152 0.0004102292429204392 2800
1752860562974 0.00040701855776022607 2900
1752860598598 0.0004038078726000128 3000
1752862088892 0.00040059718743979967 3100
1752862124280 0.0003973865022795865 3200
1752862161359 0.0003941758171193733 3300
1752862196660 0.00039096513195916013 3400
1752862232300 0.0003877544467989469 3500
1752862267420 0.00038454376163873374 3600
1752862302796 0.0003813330764785205 3700
1752862338195 0.00037812239131830734 3800
1752862373556 0.00037491170615809415 3900
1752862408735 0.00037170102099788095 4000
1752863853025 0.00036849033583766775 4100
1752863888096 0.00036527965067745455 4200
1752863922020 0.0003620689655172414 4300
1752863957240 0.0003588582803570282 4400
1752863992057 0.000355647595196815 4500
1752864028831 0.0003524369100366018 4600
1752864064155 0.0003492262248763886 4700
1752864099037 0.0003460155397161754 4800
1752864134068 0.0003428048545559623 4900
1752864168913 0.00033959416939574903 5000
1752865621408 0.0003363834842355359 5100
1752865656372 0.0003331727990753227 5200
1752865691544 0.0003299621139151095 5300
1752865726740 0.00032675142875489635 5400
1752865762436 0.0003235407435946831 5500
1752865797819 0.00032033005843446995 5600
1752865834824 0.0003171193732742567 5700
1752865870358 0.00031390868811404356 5800
1752865912145 0.0003106980029538303 5900
1752865956048 0.00030748731779361717 6000
1752867567434 0.00030427663263340397 6100
1752867612759 0.00030106594747319077 6200
1752867657526 0.00029785526231297763 6300
1752867702779 0.0002946445771527644 6400
1752867747721 0.00029143389199255123 6500
1752867792850 0.00028822320683233804 6600
1752867837596 0.00028501252167212484 6700
1752867882820 0.00028180183651191164 6800
1752867927544 0.00027859115135169844 6900
1752867972362 0.00027538046619148525 7000
1752869468412 0.0002721697810312721 7100
1752869503910 0.0002689590958710589 7200
1752869539488 0.0002657484107108457 7300
1752869575527 0.0002625377255506325 7400
1752869611313 0.0002593270403904193 7500
1752869647020 0.00025611635523020617 7600
1752869682427 0.0002529056700699929 7700
1752869718171 0.0002496949849097798 7800
1752869753748 0.0002464842997495666 7900
1752869789179 0.00024327361458935338 8000
1752871199518 0.00024006292942914018 8100
1752871234668 0.000236852244268927 8200
1752871269522 0.0002336415591087138 8300
1752871304687 0.00023043087394850062 8400
1752871339863 0.00022722018878828742 8500
1752871374884 0.00022400950362807422 8600
1752871409985 0.00022079881846786103 8700
1752871445128 0.00021762024015925 8800
1752871480100 0.0002144095549990368 8900
1752871515526 0.00021119886983882362 9000
1752872992860 0.00020798818467861042 9100
1752873028234 0.00020477749951839722 9200
1752873063750 0.00020156681435818405 9300
1752873099179 0.00019835612919797085 9400
1752873135439 0.00019514544403775766 9500
1752873172311 0.00019193475887754446 9600
1752873209502 0.00018872407371733126 9700
1752873246719 0.0001855133885571181 9800
1752873282645 0.00018230270339690492 9900
1752873319000 0.00017909201823669172 10000
1752874833889 0.00017588133307647853 10100
1752874872996 0.00017267064791626533 10200
1752874911756 0.00016945996275605213 10300
1752874948986 0.00016624927759583896 10400
1752874987443 0.00016303859243562576 10500
1752875025581 0.00015982790727541257 10600
1752875062885 0.00015661722211519937 10700
1752875098153 0.0001534065369549862 10800
1752875133420 0.00015019585179477303 10900
1752875169669 0.00014698516663455983 11000
1752876658548 0.00014377448147434663 11100
1752876694949 0.00014056379631413344 11200
