1752856561352 8.9557 100
1752856605857 6.9287 200
1752856655045 6.8892 300
1752856705415 6.8768 400
1752856754275 6.8414 500
1752856804264 6.844 600
1752856854264 6.785 700
1752856902946 6.858 800
1752856952932 6.7547 900
1752857001811 6.8008 1000
1752858481717 6.7805 1100
1752858517449 6.7649 1200
1752858553308 6.7983 1300
1752858589207 6.7719 1400
1752858624621 6.7792 1500
1752858660268 6.7755 1600
1752858695862 6.7784 1700
1752858732849 6.8285 1800
1752858768169 6.7878 1900
1752858803742 6.7799 2000
1752860276399 6.7626 2100
1752860312158 6.813 2200
1752860348001 6.7612 2300
1752860383904 6.7875 2400
1752860419627 6.7723 2500
1752860455300 6.7682 2600
1752860491745 6.7118 2700
1752860527152 6.7715 2800
1752860562974 6.7987 2900
1752860598598 6.7708 3000
1752862088892 6.7564 3100
1752862124280 6.7838 3200
1752862161359 6.7599 3300
1752862196660 6.7548 3400
1752862232300 6.7796 3500
1752862267420 6.7986 3600
1752862302796 6.7837 3700
1752862338195 6.7797 3800
1752862373556 6.7415 3900
1752862408735 6.7608 4000
1752863853025 6.7476 4100
1752863888096 6.7698 4200
1752863922020 6.7501 4300
1752863957240 6.7533 4400
1752863992057 6.7593 4500
1752864028831 6.7739 4600
1752864064155 6.7575 4700
1752864099037 6.776 4800
1752864134068 6.73 4900
1752864168913 6.7692 5000
1752865621408 6.7993 5100
1752865656372 6.7539 5200
1752865691544 6.7278 5300
1752865726740 6.7758 5400
1752865762436 6.7369 5500
1752865797819 6.7407 5600
1752865834824 6.7637 5700
1752865870358 6.7659 5800
1752865912145 6.7646 5900
1752865956048 6.7173 6000
1752867567434 6.7729 6100
1752867612759 6.71 6200
1752867657526 6.732 6300
1752867702779 6.7213 6400
1752867747721 6.7452 6500
1752867792850 6.738 6600
1752867837596 6.7139 6700
1752867882820 6.7623 6800
1752867927544 6.8035 6900
1752867972362 6.7504 7000
1752869468412 6.7255 7100
1752869503910 6.689 7200
1752869539488 6.7694 7300
1752869575527 6.736 7400
1752869611313 6.7938 7500
1752869647020 6.7411 7600
1752869682427 6.7161 7700
1752869718171 6.7275 7800
1752869753748 6.7177 7900
1752869789179 6.7689 8000
1752871199518 6.7553 8100
1752871234668 6.7382 8200
1752871269522 6.7453 8300
1752871304687 6.7514 8400
1752871339863 6.7549 8500
1752871374884 6.7555 8600
1752871409985 6.7132 8700
1752871445128 6.7211 8800
1752871480100 6.8117 8900
1752871515526 6.7882 9000
1752872992860 6.7545 9100
1752873028234 6.6825 9200
1752873063750 6.7447 9300
1752873099179 6.7274 9400
1752873135439 6.8147 9500
1752873172311 6.7533 9600
1752873209502 6.739 9700
1752873246719 6.7587 9800
1752873282645 6.723 9900
1752873319000 6.7619 10000
1752874833889 6.7198 10100
1752874872996 6.7784 10200
1752874911756 6.7906 10300
1752874948986 6.7335 10400
1752874987443 6.7516 10500
1752875025581 6.7593 10600
1752875062885 6.7371 10700
1752875098153 6.7679 10800
1752875133420 6.7204 10900
1752875169669 6.7578 11000
1752876658548 6.744 11100
1752876694949 6.7741 11200
