1752745838021 0.017123287671232876 100
1752745873908 0.03424657534246575 200
1752745910107 0.05136986301369863 300
1752745946235 0.0684931506849315 400
1752745982701 0.08561643835616438 500
1752746019719 0.10273972602739725 600
1752746056621 0.11986301369863013 700
1752746092770 0.136986301369863 800
1752746129926 0.1541095890410959 900
1752746166228 0.17123287671232876 1000
1752786135383 0.17123287671232876 1000
1752786185899 0.18835616438356165 1100
1752786225850 0.2054794520547945 1200
1752786265656 0.2226027397260274 1300
