1752745838021 0.0004972031963470319 100
1752745873908 0.0004943493150684932 200
1752745910107 0.0004914954337899544 300
1752745946235 0.0004886415525114155 400
1752745982701 0.0004857876712328767 500
1752746019719 0.0004829337899543379 600
1752746056621 0.0004800799086757991 700
1752746092770 0.00047722602739726027 800
1752746129926 0.0004743721461187215 900
1752746166228 0.0004715182648401827 1000
1752786185899 0.00046866438356164386 1100
1752786225850 0.000465810502283105 1200
1752786265656 0.00046295662100456623 1300
