1753745737743 0.027495188342040143 100
1753745846567 0.054990376684080286 200
1753745951890 0.08248556502612042 300
1753746054547 0.10998075336816057 400
1753746157297 0.13747594171020072 500
1753746258226 0.16497113005224084 600
1753746361167 0.192466318394281 700
1753746462751 0.21996150673632114 800
1753746564623 0.2474566950783613 900
1753746666024 0.27495188342040144 1000
1753747913361 0.27495188342040144 1000
1753748016551 0.30244707176244157 1100
1753748119028 0.3299422601044817 1200
1753748223584 0.35743744844652187 1300
1753748326593 0.384932636788562 1400
1753748429276 0.41242782513060217 1500
1753748530839 0.4399230134726423 1600
1753748634463 0.4674182018146824 1700
1753748737345 0.4949133901567226 1800
1753748840626 0.5224085784987628 1900
1753748943921 0.5499037668408029 2000
1753750288459 0.5499037668408029 2000
1753750390963 0.577398955182843 2100
1753750494847 0.6048941435248831 2200
1753750598451 0.6323893318669233 2300
1753750700152 0.6598845202089634 2400
1753750801907 0.6873797085510036 2500
1753750907917 0.7148748968930437 2600
1753751011261 0.7423700852350839 2700
1753751113096 0.769865273577124 2800
1753751215179 0.7973604619191641 2900
1753751319665 0.8248556502612043 3000
1753752553003 0.8248556502612043 3000
1753752659273 0.8523508386032445 3100
1753752761686 0.8798460269452846 3200
1753752864147 0.9073412152873247 3300
1753752967283 0.9348364036293648 3400
1753753072127 0.962331591971405 3500
1753753175203 0.9898267803134452 3600
1753753278836 1.0173219686554853 3700
1753753383210 1.0448171569975255 3800
1753753486547 1.0723123453395655 3900
1753753590366 1.0998075336816058 4000
1753754813333 1.0998075336816058 4000
1753754918696 1.1273027220236458 4100
1753755021138 1.154797910365686 4200
1753755123474 1.182293098707726 4300
1753755227543 1.2097882870497663 4400
1753755332287 1.2372834753918065 4500
1753755434170 1.2647786637338465 4600
1753755537124 1.2922738520758867 4700
1753755640268 1.3197690404179268 4800
1753755745917 1.347264228759967 4900
1753755847677 1.3747594171020072 5000
1753757039247 1.3747594171020072 5000
1753757145634 1.4022546054440472 5100
1753757250956 1.4297497937860875 5200
1753757355131 1.4572449821281275 5300
1753757458118 1.4847401704701677 5400
1753757562522 1.512235358812208 5500
1753757666109 1.539730547154248 5600
1753757770834 1.5672257354962882 5700
1753757873905 1.5947209238383282 5800
1753757979868 1.6222161121803684 5900
1753758082716 1.6497113005224087 6000
1753759259990 1.6497113005224087 6000
1753759363781 1.6772064888644487 6100
1753759466550 1.704701677206489 6200
1753759566627 1.732196865548529 6300
1753759670440 1.7596920538905692 6400
1753759775283 1.7871872422326094 6500
1753759878398 1.8146824305746494 6600
1753759980244 1.8421776189166896 6700
1753760083412 1.8696728072587296 6800
1753760188681 1.8971679956007699 6900
1753760290430 1.92466318394281 7000
1753761466867 1.92466318394281 7000
1753761573118 1.9521583722848501 7100
1753761678051 1.9796535606268901 7200
1753761781436 2.0071487489689304 7300
1753761886078 2.0346439373109706 7400
1753761990278 2.062139125653011 7500
1753762094710 2.089634313995051 7600
1753762197960 2.117129502337091 7700
1753762302800 2.144624690679131 7800
1753762405439 2.1721198790211713 7900
1753762509213 2.1996150673632116 8000
1753763688499 2.1996150673632116 8000
1753763793234 2.227110255705252 8100
1753763896094 2.2546054440472916 8200
1753763998632 2.282100632389332 8300
1753764101524 2.309595820731372 8400
1753764206057 2.3370910090734123 8500
1753764309232 2.364586197415452 8600
1753764414500 2.3920813857574923 8700
1753764517664 2.4195765740995325 8800
1753764622125 2.4470717624415728 8900
1753764725673 2.474566950783613 9000
1753765894036 2.474566950783613 9000
1753765996592 2.502062139125653 9100
1753766099057 2.529557327467693 9200
1753766202365 2.5570525158097333 9300
1753766305812 2.5845477041517735 9400
1753766408881 2.6120428924938137 9500
1753766509773 2.6395380808358535 9600
1753766613421 2.6670332691778937 9700
1753766716716 2.694528457519934 9800
1753766821989 2.722023645861974 9900
1753766923511 2.7495188342040144 10000
1753768098360 2.7495188342040144 10000
1753768203556 2.7770140225460542 10100
1753768308522 2.8045092108880945 10200
1753768413759 2.8320043992301347 10300
1753768516860 2.859499587572175 10400
1753768618008 2.886994775914215 10500
1753768722424 2.914489964256255 10600
1753768829060 2.941985152598295 10700
1753768933183 2.9694803409403354 10800
1753769036437 2.9969755292823756 10900
1753769139981 3.024470717624416 11000
1753770319444 3.024470717624416 11000
1753770426453 3.0519659059664557 11100
1753770528582 3.079461094308496 11200
1753770633535 3.106956282650536 11300
1753770737266 3.1344514709925764 11400
1753770841156 3.1619466593346166 11500
1753770946256 3.1894418476766564 11600
1753771049182 3.2169370360186966 11700
1753771154491 3.244432224360737 11800
1753771257010 3.271927412702777 11900
1753771361518 3.2994226010448173 12000
1753772541710 3.2994226010448173 12000
1753772646615 3.326917789386857 12100
1753772750432 3.3544129777288973 12200
1753772855966 3.3819081660709376 12300
1753772959092 3.409403354412978 12400
1753773061932 3.436898542755018 12500
1753773167419 3.464393731097058 12600
1753773269744 3.491888919439098 12700
1753773372968 3.5193841077811383 12800
1753773477391 3.5468792961231785 12900
1753773580662 3.5743744844652188 13000
1753774776493 3.5743744844652188 13000
1753774878997 3.6018696728072586 13100
1753774985048 3.629364861149299 13200
1753775089470 3.656860049491339 13300
1753775191765 3.6843552378333793 13400
1753775296023 3.7118504261754195 13500
1753775400584 3.7393456145174593 13600
1753775503917 3.7668408028594995 13700
1753775607718 3.7943359912015397 13800
1753775711730 3.82183117954358 13900
1753775818633 3.84932636788562 14000
1753777002104 3.84932636788562 14000
1753777109092 3.87682155622766 14100
1753777212236 3.9043167445697002 14200
1753777315817 3.9318119329117405 14300
1753777419839 3.9593071212537807 14400
1753777524104 3.986802309595821 14500
1753777628060 4.014297497937861 14600
1753777732075 4.041792686279901 14700
1753777835664 4.069287874621941 14800
1753777943984 4.096783062963981 14900
1753778051768 4.124278251306022 15000
1753779225145 4.124278251306022 15000
1753779330272 4.1517734396480614 15100
1753779432535 4.179268627990102 15200
1753779535949 4.206763816332142 15300
1753779641190 4.234259004674182 15400
1753779741886 4.261754193016222 15500
1753779844420 4.289249381358262 15600
1753779946880 4.316744569700303 15700
1753780051844 4.344239758042343 15800
1753780153365 4.371734946384382 15900
1753780255667 4.399230134726423 16000
1753781434709 4.399230134726423 16000
1753781540057 4.426725323068463 16100
1753781645270 4.454220511410504 16200
1753781749520 4.481715699752543 16300
1753781849956 4.509210888094583 16400
1753781954200 4.536706076436624 16500
1753782059521 4.564201264778664 16600
1753782164020 4.591696453120704 16700
1753782266319 4.619191641462744 16800
1753782371869 4.646686829804784 16900
1753782480014 4.6741820181468245 17000
1753783642427 4.6741820181468245 17000
1753783745811 4.701677206488864 17100
1753783849662 4.729172394830904 17200
1753783952344 4.756667583172945 17300
1753784054271 4.784162771514985 17400
1753784157433 4.811657959857025 17500
1753784264460 4.839153148199065 17600
1753784367488 4.866648336541106 17700
1753784471290 4.8941435248831455 17800
1753784576745 4.921638713225185 17900
1753784680278 4.949133901567226 18000
1753785880591 4.949133901567226 18000
1753785881393 4.949133901567226 18000
