1753745737743 0.27621325850486755 100
1753745846567 0.362933874130249 200
1753745951890 0.5343614220619202 300
1753746054547 0.4627094268798828 400
1753746157297 0.6218978762626648 500
1753746258226 0.5942314863204956 600
1753746361167 0.7709044218063354 700
1753746462751 0.7533642649650574 800
1753746564623 0.9929396510124207 900
1753746666024 0.7984068989753723 1000
1753748016551 0.7687597870826721 1100
1753748119028 0.7707634568214417 1200
1753748223584 0.8458263874053955 1300
1753748326593 0.9687427878379822 1400
1753748429276 0.9746320247650146 1500
1753748530839 0.960559070110321 1600
1753748634463 1.1614798307418823 1700
1753748737345 1.2866489887237549 1800
1753748840626 1.024595022201538 1900
1753748943921 1.228550672531128 2000
1753750390963 1.1555085182189941 2100
1753750494847 1.3514091968536377 2200
1753750598451 1.1521928310394287 2300
1753750700152 1.4340248107910156 2400
1753750801907 1.3149082660675049 2500
1753750907917 1.5037295818328857 2600
1753751011261 1.184704303741455 2700
1753751113096 1.1286687850952148 2800
1753751215179 1.3229774236679077 2900
1753751319665 1.3773871660232544 3000
1753752659273 1.2757537364959717 3100
1753752761686 1.4323655366897583 3200
1753752864147 1.520145058631897 3300
1753752967283 1.6151163578033447 3400
1753753072127 1.5930153131484985 3500
1753753175203 1.1380674839019775 3600
1753753278836 1.4757238626480103 3700
1753753383210 1.3727728128433228 3800
1753753486547 1.244312047958374 3900
1753753590366 1.3669233322143555 4000
1753754918696 1.581851840019226 4100
1753755021138 1.31841242313385 4200
1753755123474 1.4288082122802734 4300
1753755227543 1.5198131799697876 4400
1753755332287 1.4939154386520386 4500
1753755434170 1.4025026559829712 4600
1753755537124 1.1830278635025024 4700
1753755640268 1.3328633308410645 4800
1753755745917 1.6965726613998413 4900
1753755847677 1.2918046712875366 5000
1753757145634 1.3301748037338257 5100
1753757250956 1.2211346626281738 5200
1753757355131 1.5663613080978394 5300
1753757458118 1.3822987079620361 5400
1753757562522 1.274553656578064 5500
1753757666109 1.552071213722229 5600
1753757770834 1.433600664138794 5700
1753757873905 1.7825430631637573 5800
1753757979868 1.4594343900680542 5900
1753758082716 1.327846646308899 6000
1753759363781 1.4476839303970337 6100
1753759466550 1.305845856666565 6200
1753759566627 1.5397320985794067 6300
1753759670440 1.1713539361953735 6400
1753759775283 1.4200514554977417 6500
1753759878398 1.3695822954177856 6600
1753759980244 1.4410747289657593 6700
1753760083412 1.4621745347976685 6800
1753760188681 1.5110628604888916 6900
1753760290430 1.461724042892456 7000
1753761573118 1.3877193927764893 7100
1753761678051 1.7497687339782715 7200
1753761781436 1.306986689567566 7300
1753761886078 1.5071066617965698 7400
1753761990278 1.2956163883209229 7500
1753762094710 1.642680048942566 7600
1753762197960 1.6060693264007568 7700
1753762302800 1.6836204528808594 7800
1753762405439 1.4222272634506226 7900
1753762509213 1.6621578931808472 8000
1753763793234 1.3370227813720703 8100
1753763896094 1.5791038274765015 8200
1753763998632 1.517146110534668 8300
1753764101524 1.4578107595443726 8400
1753764206057 1.182286024093628 8500
1753764309232 1.4822978973388672 8600
1753764414500 1.5852954387664795 8700
1753764517664 1.4806928634643555 8800
1753764622125 1.3577709197998047 8900
1753764725673 1.4204943180084229 9000
1753765996592 1.65955650806427 9100
1753766099057 1.249021291732788 9200
1753766202365 1.350721001625061 9300
1753766305812 1.5079724788665771 9400
1753766408881 1.4791747331619263 9500
1753766509773 1.8648970127105713 9600
1753766613421 1.549988865852356 9700
1753766716716 1.7337244749069214 9800
1753766821989 1.4474073648452759 9900
1753766923511 1.509743094444275 10000
1753768203556 1.3542174100875854 10100
1753768308522 1.6590571403503418 10200
1753768413759 1.5526002645492554 10300
1753768516860 1.6963348388671875 10400
1753768618008 1.5229666233062744 10500
1753768722424 1.4327903985977173 10600
1753768829060 1.219861388206482 10700
1753768933183 1.199331283569336 10800
1753769036437 1.3566149473190308 10900
1753769139981 1.448001742362976 11000
1753770426453 1.4839277267456055 11100
1753770528582 1.3466092348098755 11200
1753770633535 1.398921012878418 11300
1753770737266 1.6029797792434692 11400
1753770841156 1.5998735427856445 11500
1753770946256 1.671303629875183 11600
1753771049182 1.6394861936569214 11700
1753771154491 1.855989694595337 11800
1753771257010 1.413548469543457 11900
1753771361518 1.7235772609710693 12000
1753772646615 1.5596897602081299 12100
1753772750432 1.611849069595337 12200
1753772855966 1.4312702417373657 12300
1753772959092 1.604480504989624 12400
1753773061932 1.687473177909851 12500
1753773167419 1.4523810148239136 12600
1753773269744 1.4478261470794678 12700
1753773372968 1.68678617477417 12800
1753773477391 1.7849360704421997 12900
1753773580662 1.588075876235962 13000
1753774878997 1.8103324174880981 13100
1753774985048 1.4727251529693604 13200
1753775089470 1.4042882919311523 13300
1753775191765 1.391310691833496 13400
1753775296023 1.7040596008300781 13500
1753775400584 1.3519666194915771 13600
1753775503917 1.8786154985427856 13700
1753775607718 1.644299030303955 13800
1753775711730 2.1861460208892822 13900
1753775818633 1.607706069946289 14000
1753777109092 1.3684513568878174 14100
1753777212236 1.4401888847351074 14200
1753777315817 1.323375940322876 14300
1753777419839 2.307077646255493 14400
1753777524104 1.7034521102905273 14500
1753777628060 1.3841702938079834 14600
1753777732075 1.5837956666946411 14700
1753777835664 1.8127309083938599 14800
1753777943984 1.5523284673690796 14900
1753778051768 1.263702392578125 15000
1753779330272 1.632825493812561 15100
1753779432535 1.2143380641937256 15200
1753779535949 1.6272454261779785 15300
1753779641190 1.5773078203201294 15400
1753779741886 1.5056848526000977 15500
1753779844420 1.3808128833770752 15600
1753779946880 1.5719470977783203 15700
1753780051844 1.4354609251022339 15800
1753780153365 1.5345051288604736 15900
1753780255667 1.6143144369125366 16000
1753781540057 1.316116213798523 16100
1753781645270 1.2319176197052002 16200
1753781749520 1.8523138761520386 16300
1753781849956 1.4088342189788818 16400
1753781954200 1.3369636535644531 16500
1753782059521 1.6807923316955566 16600
1753782164020 1.374220371246338 16700
1753782266319 1.5848811864852905 16800
1753782371869 1.3794453144073486 16900
1753782480014 1.4533826112747192 17000
1753783745811 1.5851465463638306 17100
1753783849662 1.7690578699111938 17200
1753783952344 1.3147395849227905 17300
1753784054271 1.5316210985183716 17400
1753784157433 1.4046721458435059 17500
1753784264460 1.427318811416626 17600
1753784367488 1.5428521633148193 17700
1753784471290 1.5314825773239136 17800
1753784576745 1.2428431510925293 17900
1753784680278 1.2414814233779907 18000
