1753745737743 5.497526113249038e-06 100
1753745846567 1.0995052226498077e-05 200
1753745951890 1.6492578339747112e-05 300
1753746054547 2.1990104452996153e-05 400
1753746157297 2.7487630566245194e-05 500
1753746258226 3.2985156679494225e-05 600
1753746361167 3.8482682792743266e-05 700
1753746462751 4.398020890599231e-05 800
1753746564623 4.947773501924135e-05 900
1753746666024 5.497526113249039e-05 1000
1753748016551 6.0472787245739416e-05 1100
1753748119028 6.597031335898845e-05 1200
1753748223584 7.146783947223749e-05 1300
1753748326593 7.696536558548653e-05 1400
1753748429276 8.246289169873557e-05 1500
1753748530839 8.796041781198461e-05 1600
1753748634463 9.345794392523365e-05 1700
1753748737345 9.89554700384827e-05 1800
1753748840626 9.99939561183912e-05 1900
1753748943921 9.996982355187816e-05 2000
1753750390963 9.992727863917974e-05 2100
1753750494847 9.986633705679039e-05 2200
1753750598451 9.978702125981265e-05 2300
1753750700152 9.968936047368316e-05 2400
1753750801907 9.957339068340394e-05 2500
1753750907917 9.943915462028312e-05 2600
1753751011261 9.928670174618967e-05 2700
1753751113096 9.911608823532821e-05 2800
1753751215179 9.892737695354064e-05 2900
1753751319665 9.872063743514192e-05 3000
1753752659273 9.849594585729883e-05 3100
1753752761686 9.825338501196102e-05 3200
1753752864147 9.799304427535474e-05 3300
1753752967283 9.771501957505047e-05 3400
1753753072127 9.741941335461641e-05 3500
1753753175203 9.710633453587138e-05 3600
1753753278836 9.677589847875031e-05 3700
1753753383210 9.642822693879772e-05 3800
1753753486547 9.60634480223045e-05 3900
1753753590366 9.568169613910472e-05 4000
1753754918696 9.528311195304968e-05 4100
1753755021138 9.486784233017768e-05 4200
1753755123474 9.443604028459828e-05 4300
1753755227543 9.398786492211133e-05 4400
1753755332287 9.352348138158151e-05 4500
1753755434170 9.304306077408948e-05 4600
1753755537124 9.25467801198829e-05 4700
1753755640268 9.203482228314981e-05 4800
1753755745917 9.150737590463879e-05 4900
1753755847677 9.096463533215072e-05 5000
1753757145634 9.040680054892742e-05 5100
1753757250956 8.983407709996414e-05 5200
1753757355131 8.92466760162724e-05 5300
1753757458118 8.864481373712163e-05 5400
1753757562522 8.802871203028791e-05 5500
1753757666109 8.739859791033933e-05 5600
1753757770834 8.67547035549881e-05 5700
1753757873905 8.609726621954025e-05 5800
1753757979868 8.542652814947423e-05 5900
1753758082716 8.474273649118099e-05 6000
1753759363781 8.4046143200898e-05 6100
1753759466550 8.333700495187125e-05 6200
1753759566627 8.261558303977891e-05 6300
1753759670440 8.188214328645201e-05 6400
1753759775283 8.113695594192713e-05 6500
1753759878398 8.038029558486767e-05 6600
1753759980244 7.961244102138998e-05 6700
1753760083412 7.883367518233186e-05 6800
1753760188681 7.804428501900125e-05 6900
1753760290430 7.724456139744349e-05 7000
1753761573118 7.643479899126613e-05 7100
1753761678051 7.56152961730606e-05 7200
1753761781436 7.478635490446133e-05 7300
1753761886078 7.394828062488191e-05 7400
1753761990278 7.310138213897024e-05 7500
1753762094710 7.224597150282327e-05 7600
1753762197960 7.138236390900414e-05 7700
1753762302800 7.051087757040328e-05 7800
1753762405439 6.96318336029867e-05 7900
1753762509213 6.874555590747464e-05 8000
1753763793234 6.78523710499942e-05 8100
1753763896094 6.695260814174956e-05 8200
1753763998632 6.604659871775472e-05 8300
1753764101524 6.513467661467301e-05 8400
1753764206057 6.421717784780857e-05 8500
1753764309232 6.329444048729484e-05 8600
1753764414500 6.236680453352637e-05 8700
1753764517664 6.143461179187887e-05 8800
1753764622125 6.049820574676456e-05 8900
1753764725673 5.955793143506863e-05 9000
1753765996592 5.8614135319013785e-05 9100
1753766099057 5.766716515849957e-05 9200
1753766202365 5.671736988296344e-05 9300
1753766305812 5.576509946281103e-05 9400
1753766408881 5.481070478046283e-05 9500
1753766509773 5.38545375010647e-05 9600
1753766613421 5.28969499429101e-05 9700
1753766716716 5.193829494762169e-05 9800
1753766821989 5.097892575013986e-05 9900
1753766923511 5.001919584856665e-05 10000
1753768203556 4.905945887391242e-05 10100
1753768308522 4.810006845979383e-05 10200
1753768413759 4.714137811213056e-05 10300
1753768516860 4.6183741078889296e-05 10400
1753768618008 4.5227510219922714e-05 10500
1753768722424 4.4273037876951393e-05 10600
1753768829060 4.332067574373676e-05 10700
1753768933183 4.237077473649279e-05 10800
1753769036437 4.142368486458394e-05 10900
1753769139981 4.04797551015577e-05 11000
1753770426453 3.9539333256558385e-05 11100
1753770528582 3.8602765846170166e-05 11200
1753770633535 3.767039796673645e-05 11300
1753770737266 3.674257316720232e-05 11400
1753770841156 3.5819633322527394e-05 11500
1753770946256 3.4901918507715324e-05 11600
1753771049182 3.39897668725067e-05 11700
1753771154491 3.308351451678113e-05 11800
1753771257010 3.218349536671485e-05 11900
1753771361518 3.12900410517391e-05 12000
1753772646615 3.040348078234494e-05 12100
1753772750432 2.9524141228779177e-05 12200
1753772855966 2.8652346400676494e-05 12300
1753772959092 2.778841752767188e-05 12400
1753773061932 2.6932672941037234e-05 12500
1753773167419 2.6085427956386178e-05 12600
1753773269744 2.5246994757489873e-05 12700
1753773372968 2.441768228124692e-05 12800
1753773477391 2.3597796103849555e-05 12900
1753773580662 2.2787638328188264e-05 13000
1753774878997 2.1987507472536074e-05 13100
1753774985048 2.1197698360553743e-05 13200
1753775089470 2.0418502012656332e-05 13300
1753775191765 1.965020553878108e-05 13400
1753775296023 1.8893092032596215e-05 13500
1753775400584 1.8147440467189626e-05 13600
1753775503917 1.7413525592275835e-05 13700
1753775607718 1.6691617832959188e-05 13800
1753775711730 1.5981983190090467e-05 13900
1753775818633 1.5284883142253742e-05 14000
1753777109092 1.460057454941961e-05 14100
1753777212236 1.3929309558300075e-05 14200
1753777315817 1.3271335509440297e-05 14300
1753777419839 1.2626894846081166e-05 14400
1753777524104 1.1996225024826407e-05 14500
1753777628060 1.1379558428147118e-05 14600
1753777732075 1.077712227875599e-05 14700
1753777835664 1.0189138555882644e-05 14800
1753777943984 9.615823913481164e-06 14900
1753778051768 9.057389600399719e-06 15000
1753779330272 8.514041382541882e-06 15100
1753779432535 7.985979467048177e-06 15200
1753779535949 7.473398428525941e-06 15300
1753779641190 6.976487137354498e-06 15400
1753779741886 6.495428690092253e-06 15500
1753779844420 6.030400342011222e-06 15600
1753779946880 5.581573441783916e-06 15700
1753780051844 5.149113368346586e-06 15800
1753780153365 4.733179469962201e-06 15900
1753780255667 4.333925005505479e-06 16000
1753781540057 3.9514970879916955e-06 16100
1753781645270 3.58603663037006e-06 16200
1753781749520 3.2376782936016092e-06 16300
1753781849956 2.9065504370408113e-06 16400
1753781954200 2.592775071139031e-06 16500
1753782059521 2.296467812487463e-06 16600
1753782164020 2.0177378412159444e-06 16700
1753782266319 1.756687860763434e-06 16800
1753782371869 1.5134140600349733e-06 16900
1753782480014 1.2880060779589752e-06 17000
1753783745811 1.0805469704580852e-06 17100
1753783849662 8.911131798455707e-07 17200
1753783952344 7.19774506658727e-07 17300
1753784054271 5.665940839394867e-07 17400
1753784157433 4.316283539718413e-07 17500
1753784264460 3.1492704748458666e-07 17600
1753784367488 2.1653316532708745e-07 17700
1753784471290 1.3648296262478433e-07 17800
1753784576745 7.480593542028014e-08 17900
1753784680278 3.1524809804955866e-08 18000
