1753745737743 4.2365 100
1753745846567 4.2239 200
1753745951890 4.0697 300
1753746054547 3.8173 400
1753746157297 3.4596 500
1753746258226 3.1956 600
1753746361167 2.9872 700
1753746462751 2.8627 800
1753746564623 2.7211 900
1753746666024 2.6582 1000
1753748016551 2.5944 1100
1753748119028 2.5429 1200
1753748223584 2.5397 1300
1753748326593 2.5125 1400
1753748429276 2.4757 1500
1753748530839 2.4178 1600
1753748634463 2.3922 1700
1753748737345 2.3065 1800
1753748840626 2.3148 1900
1753748943921 2.3029 2000
1753750390963 2.2939 2100
1753750494847 2.2532 2200
1753750598451 2.2532 2300
1753750700152 2.2899 2400
1753750801907 2.2622 2500
1753750907917 2.2722 2600
1753751011261 2.2374 2700
1753751113096 2.2152 2800
1753751215179 2.2363 2900
1753751319665 2.2255 3000
1753752659273 2.1904 3100
1753752761686 2.1869 3200
1753752864147 2.1903 3300
1753752967283 2.1782 3400
1753753072127 2.1563 3500
1753753175203 2.1455 3600
1753753278836 2.1679 3700
1753753383210 2.1427 3800
1753753486547 2.1491 3900
1753753590366 2.1261 4000
1753754918696 2.1332 4100
1753755021138 2.1635 4200
1753755123474 2.0866 4300
1753755227543 2.1521 4400
1753755332287 2.0981 4500
1753755434170 2.107 4600
1753755537124 2.0577 4700
1753755640268 2.0984 4800
1753755745917 2.0896 4900
1753755847677 2.0953 5000
1753757145634 2.0835 5100
1753757250956 2.0833 5200
1753757355131 2.045 5300
1753757458118 2.0649 5400
1753757562522 2.0574 5500
1753757666109 2.063 5600
1753757770834 2.0262 5700
1753757873905 2.0801 5800
1753757979868 2.0578 5900
1753758082716 2.0466 6000
1753759363781 2.0379 6100
1753759466550 2.0432 6200
1753759566627 2.0481 6300
1753759670440 2.0008 6400
1753759775283 2.0496 6500
1753759878398 2.0153 6600
1753759980244 1.9976 6700
1753760083412 2.0464 6800
1753760188681 1.9995 6900
1753760290430 1.9844 7000
1753761573118 2.0007 7100
1753761678051 2.0098 7200
1753761781436 1.9965 7300
1753761886078 1.9929 7400
1753761990278 1.9736 7500
1753762094710 1.9947 7600
1753762197960 1.9901 7700
1753762302800 1.9761 7800
1753762405439 2.0036 7900
1753762509213 2.0209 8000
1753763793234 1.9559 8100
1753763896094 1.9761 8200
1753763998632 1.9263 8300
1753764101524 1.9507 8400
1753764206057 1.9846 8500
1753764309232 1.9948 8600
1753764414500 1.9562 8700
1753764517664 1.9726 8800
1753764622125 2.0019 8900
1753764725673 1.9431 9000
1753765996592 1.9779 9100
1753766099057 1.9448 9200
1753766202365 1.9819 9300
1753766305812 1.9287 9400
1753766408881 1.954 9500
1753766509773 1.946 9600
1753766613421 1.9739 9700
1753766716716 1.9457 9800
1753766821989 1.9267 9900
1753766923511 1.9624 10000
1753768203556 1.9662 10100
1753768308522 1.9412 10200
1753768413759 1.9394 10300
1753768516860 1.9677 10400
1753768618008 1.9161 10500
1753768722424 1.941 10600
1753768829060 1.936 10700
1753768933183 1.94 10800
1753769036437 1.9058 10900
1753769139981 1.9128 11000
1753770426453 1.9126 11100
1753770528582 1.9483 11200
1753770633535 1.9367 11300
1753770737266 1.9199 11400
1753770841156 1.9363 11500
1753770946256 1.9075 11600
1753771049182 1.8979 11700
1753771154491 1.9154 11800
1753771257010 1.9295 11900
1753771361518 1.9004 12000
1753772646615 1.8965 12100
1753772750432 1.9168 12200
1753772855966 1.9072 12300
1753772959092 1.9311 12400
1753773061932 1.9225 12500
1753773167419 1.8668 12600
1753773269744 1.9005 12700
1753773372968 1.8832 12800
1753773477391 1.9018 12900
1753773580662 1.9185 13000
1753774878997 1.908 13100
1753774985048 1.9308 13200
1753775089470 1.9129 13300
1753775191765 1.919 13400
1753775296023 1.8894 13500
1753775400584 1.8692 13600
1753775503917 1.9114 13700
1753775607718 1.9117 13800
1753775711730 1.8708 13900
1753775818633 1.9215 14000
1753777109092 1.9186 14100
1753777212236 1.9296 14200
1753777315817 1.9363 14300
1753777419839 1.9228 14400
1753777524104 1.9148 14500
1753777628060 1.8902 14600
1753777732075 1.8875 14700
1753777835664 1.9051 14800
1753777943984 1.8991 14900
1753778051768 1.9035 15000
1753779330272 1.8864 15100
1753779432535 1.8847 15200
1753779535949 1.8607 15300
1753779641190 1.9159 15400
1753779741886 1.8778 15500
1753779844420 1.8834 15600
1753779946880 1.9 15700
1753780051844 1.8842 15800
1753780153365 1.9221 15900
1753780255667 1.8828 16000
1753781540057 1.8815 16100
1753781645270 1.9131 16200
1753781749520 1.912 16300
1753781849956 1.8819 16400
1753781954200 1.8808 16500
1753782059521 1.9243 16600
1753782164020 1.8782 16700
1753782266319 1.897 16800
1753782371869 1.9033 16900
1753782480014 1.9133 17000
1753783745811 1.9037 17100
1753783849662 1.8624 17200
1753783952344 1.9221 17300
1753784054271 1.8816 17400
1753784157433 1.9029 17500
1753784264460 1.893 17600
1753784367488 1.8883 17700
1753784471290 1.8759 17800
1753784576745 1.9016 17900
1753784680278 1.9128 18000
