1753490287584 0.019264110961279137 100
1753490321934 0.038528221922558274 200
1753490356107 0.05779233288383741 300
1753490390781 0.07705644384511655 400
1753490424628 0.09632055480639569 500
1753490458455 0.11558466576767482 600
1753490492103 0.13484877672895396 700
1753490526058 0.1541128876902331 800
1753490559595 0.17337699865151224 900
1753490593241 0.19264110961279138 1000
1753491697733 0.19264110961279138 1000
1753491733047 0.21190522057407052 1100
1753491766809 0.23116933153534963 1200
1753491800893 0.2504334424966288 1300
1753491834351 0.2696975534579079 1400
1753491868227 0.2889616644191871 1500
1753491901643 0.3082257753804662 1600
1753491936123 0.3274898863417453 1700
1753491969931 0.3467539973030245 1800
1753492003731 0.3660181082643036 1900
1753492037668 0.38528221922558276 2000
1753493128191 0.38528221922558276 2000
1753493162658 0.40454633018686187 2100
1753493196782 0.42381044114814104 2200
1753493230884 0.44307455210942015 2300
1753493265058 0.46233866307069926 2400
1753493299137 0.48160277403197843 2500
1753493332791 0.5000963205548064 2596
