1753490287584 0.21678468585014343 100
1753490321934 0.14727702736854553 200
1753490356107 0.16015216708183289 300
1753490390781 0.11433777213096619 400
1753490424628 0.1481599509716034 500
1753490458455 0.16322094202041626 600
1753490492103 0.1424972414970398 700
1753490526058 0.13422758877277374 800
1753490559595 0.16547876596450806 900
1753490593241 0.17145974934101105 1000
1753491733047 0.1470053493976593 1100
1753491766809 0.17928843200206757 1200
1753491800893 0.17978084087371826 1300
1753491834351 0.15591450035572052 1400
1753491868227 0.18433064222335815 1500
1753491901643 0.1227622702717781 1600
1753491936123 0.08887796103954315 1700
1753491969931 0.12162932753562927 1800
1753492003731 0.18372690677642822 1900
1753492037668 0.16781853139400482 2000
1753493162658 0.1834193766117096 2100
1753493196782 0.16390171647071838 2200
1753493230884 0.18782448768615723 2300
1753493265058 0.2437448352575302 2400
1753493299137 0.09547483921051025 2500
