1753490287584 0.00048112480739599385 100
1753490321934 0.00046186440677966104 200
1753490356107 0.0004426040061633282 300
1753490390781 0.0004235362095531587 400
1753490424628 0.0004042758089368259 500
1753490458455 0.0003850154083204931 600
1753490492103 0.0003657550077041603 700
1753490526058 0.0003464946070878274 800
1753490559595 0.0003272342064714946 900
1753490593241 0.00030797380585516175 1000
1753491733047 0.000288713405238829 1100
1753491766809 0.0002694530046224962 1200
1753491800893 0.00025019260400616333 1300
1753491834351 0.00023093220338983052 1400
1753491868227 0.00021167180277349771 1500
1753491901643 0.00019241140215716488 1600
1753491936123 0.00017315100154083205 1700
1753491969931 0.00015389060092449924 1800
1753492003731 0.0001346302003081664 1900
1753492037668 0.00011536979969183359 2000
1753493162658 9.610939907550078e-05 2100
1753493196782 7.684899845916796e-05 2200
1753493230884 5.758859784283513e-05 2300
1753493265058 3.832819722650231e-05 2400
1753493299137 1.9067796610169494e-05 2500
