1753490287584 8.9202 100
1753490321934 6.929 200
1753490356107 6.889 300
1753490390781 6.882 400
1753490424628 6.8443 500
1753490458455 6.8441 600
1753490492103 6.7807 700
1753490526058 6.8477 800
1753490559595 6.7561 900
1753490593241 6.8018 1000
1753491733047 6.7851 1100
1753491766809 6.7709 1200
1753491800893 6.8038 1300
1753491834351 6.7768 1400
1753491868227 6.782 1500
1753491901643 6.7814 1600
1753491936123 6.7852 1700
1753491969931 6.8356 1800
1753492003731 6.7931 1900
1753492037668 6.7865 2000
1753493162658 6.7708 2100
1753493196782 6.8222 2200
1753493230884 6.7685 2300
1753493265058 6.796 2400
1753493299137 6.7818 2500
