1753212644382 0.019264110961279137 100
1753212664506 0.038528221922558274 200
1753212683840 0.05779233288383741 300
1753212704060 0.07705644384511655 400
1753212724591 0.09632055480639569 500
1753212744185 0.11558466576767482 600
1753212764596 0.13484877672895396 700
1753212784203 0.1541128876902331 800
1753212804762 0.17337699865151224 900
1753212825848 0.19264110961279138 1000
1753213502524 0.19264110961279138 1000
1753213528293 0.21190522057407052 1100
1753213552835 0.23116933153534963 1200
1753213576397 0.2504334424966288 1300
1753213601223 0.2696975534579079 1400
1753213625844 0.2889616644191871 1500
1753213649496 0.3082257753804662 1600
1753213674380 0.3274898863417453 1700
1753213699168 0.3467539973030245 1800
1753213723926 0.3660181082643036 1900
1753213747652 0.38528221922558276 2000
1753214429231 0.38528221922558276 2000
1753214454647 0.40454633018686187 2100
1753214478232 0.42381044114814104 2200
1753214502747 0.44307455210942015 2300
1753214527677 0.46233866307069926 2400
1753214552398 0.48160277403197843 2500
1753214575732 0.5008668849932576 2600
1753214600437 0.5201309959545367 2700
1753214625107 0.5393951069158158 2800
1753214649604 0.5586592178770949 2900
1753214673104 0.5779233288383742 3000
1753215326175 0.5779233288383742 3000
1753215351730 0.5971874397996533 3100
1753215375012 0.6164515507609324 3200
1753215399494 0.6357156617222115 3300
1753215423992 0.6549797726834906 3400
1753215447412 0.6742438836447698 3500
1753215471912 0.693507994606049 3600
1753215496369 0.7127721055673281 3700
1753215520817 0.7320362165286072 3800
1753215544156 0.7513003274898863 3900
1753215568468 0.7705644384511655 4000
1753216209863 0.7705644384511655 4000
1753216235008 0.7898285494124446 4100
1753216259666 0.8090926603737237 4200
1753216282898 0.8283567713350029 4300
1753216306992 0.8476208822962821 4400
1753216331312 0.8668849932575612 4500
1753216356187 0.8861491042188403 4600
1753216379560 0.9054132151801194 4700
1753216403745 0.9246773261413985 4800
1753216428095 0.9439414371026777 4900
1753216452926 0.9632055480639569 5000
1753217089377 0.9632055480639569 5000
1753217114914 0.982469659025236 5100
1753217139443 1.0017337699865152 5200
1753217162855 1.0209978809477942 5300
1753217187301 1.0402619919090734 5400
1753217212055 1.0595261028703524 5500
1753217236325 1.0787902138316317 5600
1753217259348 1.0980543247929109 5700
1753217283910 1.1173184357541899 5800
1753217308719 1.136582546715469 5900
1753217331690 1.155846657676748 6000
1753217979468 1.155846657676748 6000
1753218005627 1.1751107686380273 6100
1753218029505 1.1943748795993065 6200
1753218054613 1.2136389905605856 6300
1753218080005 1.2329031015218648 6400
1753218105365 1.252167212483144 6500
1753218129755 1.271431323444423 6600
1753218155221 1.2906954344057022 6700
1753218180567 1.3099595453669814 6800
1753218205546 1.3292236563282605 6900
1753218229564 1.3484877672895395 7000
1753218882872 1.3484877672895395 7000
1753218907106 1.3677518782508187 7100
1753218931797 1.387015989212098 7200
1753218956877 1.406280100173377 7300
1753218982116 1.4255442111346561 7400
1753219005624 1.4448083220959353 7500
1753219030501 1.4640724330572144 7600
1753219055499 1.4833365440184936 7700
1753219080722 1.5026006549797728 7800
1753219104523 1.5218647659410518 7900
1753219129565 1.5411288769023308 8000
1753219793350 1.5411288769023308 8000
1753219819324 1.5603929878636102 8100
1753219844475 1.5796570988248892 8200
1753219867960 1.5989212097861683 8300
1753219892655 1.6181853207474475 8400
1753219917765 1.6374494317087267 8500
1753219943791 1.6567135426700057 8600
1753219968364 1.675977653631285 8700
1753219993115 1.6952417645925641 8800
1753220018676 1.7145058755538432 8900
1753220043443 1.7337699865151224 9000
1753220702779 1.7337699865151224 9000
1753220728635 1.7530340974764016 9100
1753220753714 1.7722982084376806 9200
1753220777405 1.7915623193989596 9300
1753220802714 1.8108264303602388 9400
1753220827868 1.830090541321518 9500
1753220852975 1.849354652282797 9600
1753220876469 1.8686187632440763 9700
1753220901126 1.8878828742053555 9800
1753220925844 1.9071469851666345 9900
1753220950510 1.9264110961279137 10000
1753221611888 1.9264110961279137 10000
1753221637831 1.945675207089193 10100
1753221663956 1.964939318050472 10200
1753221687210 1.984203429011751 10300
1753221711774 2.0034675399730304 10400
1753221736782 2.0227316509343094 10500
1753221761581 2.0419957618955884 10600
1753221784253 2.061259872856868 10700
1753221808802 2.080523983818147 10800
1753221833535 2.099788094779426 10900
1753221856465 2.119052205740705 11000
1753222488184 2.119052205740705 11000
1753222523006 2.1383163167019843 11100
1753222547452 2.1575804276632633 11200
1753222572042 2.1768445386245423 11300
1753222595074 2.1961086495858217 11400
1753222619798 2.2153727605471008 11500
1753222644593 2.2346368715083798 11600
1753222669299 2.253900982469659 11700
1753222692495 2.273165093430938 11800
1753222717461 2.292429204392217 11900
1753222742112 2.311693315353496 12000
1753223372717 2.311693315353496 12000
1753223398321 2.3309574263147756 12100
1753223423123 2.3502215372760547 12200
1753223447875 2.369485648237334 12300
1753223470926 2.388749759198613 12400
1753223495586 2.408013870159892 12500
1753223520518 2.427277981121171 12600
1753223543637 2.4465420920824505 12700
1753223568103 2.4658062030437295 12800
1753223592957 2.4850703140050086 12900
1753223617832 2.504334424966288 13000
1753224253863 2.504334424966288 13000
1753224279530 2.523598535927567 13100
1753224304480 2.542862646888846 13200
1753224327402 2.562126757850125 13300
1753224352244 2.5813908688114044 13400
1753224377109 2.6006549797726835 13500
1753224402004 2.619919090733963 13600
1753224424786 2.639183201695242 13700
1753224449441 2.658447312656521 13800
1753224474406 2.6777114236178 13900
1753224499220 2.696975534579079 14000
1753225137253 2.696975534579079 14000
1753225163120 2.7162396455403583 14100
1753225185987 2.7355037565016374 14200
1753225211127 2.754767867462917 14300
1753225235962 2.774031978424196 14400
1753225260776 2.793296089385475 14500
1753225283985 2.812560200346754 14600
1753225308836 2.8318243113080332 14700
1753225333614 2.8510884222693123 14800
1753225356933 2.8703525332305913 14900
1753225381675 2.8896166441918707 15000
1753226023864 2.8896166441918707 15000
1753226049534 2.9088807551531497 15100
1753226072795 2.9281448661144287 15200
1753226097476 2.9474089770757077 15300
1753226122197 2.966673088036987 15400
1753226146968 2.985937198998266 15500
1753226170040 3.005201309959545 15600
1753226194878 3.0244654209208246 15700
1753226219819 3.0437295318821036 15800
1753226242890 3.0629936428433826 15900
1753226267726 3.082257753804662 16000
1753226901751 3.082257753804662 16000
1753226927453 3.101521864765941 16100
1753226950280 3.12078597572722 16200
1753226975234 3.1400500866884995 16300
1753227000350 3.1593141976497785 16400
1753227023109 3.1785783086110575 16500
1753227047898 3.1978424195723365 16600
1753227072936 3.217106530533616 16700
1753227097785 3.236370641494895 16800
1753227120491 3.2556347524561744 16900
1753227145451 3.2748988634174534 17000
1753227786813 3.2748988634174534 17000
1753227812834 3.2941629743787324 17100
1753227835795 3.3134270853400114 17200
1753227860623 3.332691196301291 17300
1753227885572 3.35195530726257 17400
1753227908516 3.371219418223849 17500
1753227933444 3.3904835291851283 17600
1753227958543 3.4097476401464073 17700
1753227983346 3.4290117511076863 17800
1753228006289 3.4482758620689653 17900
1753228031189 3.4675399730302447 18000
1753228662190 3.4675399730302447 18000
1753228663000 3.4675399730302447 18000
