1753212644382 0.20922058820724487 100
1753212664506 0.2655785381793976 200
1753212683840 0.14922647178173065 300
1753212704060 0.12630338966846466 400
1753212724591 0.16176530718803406 500
1753212744185 0.17385855317115784 600
1753212764596 0.12987114489078522 700
1753212784203 0.14460204541683197 800
1753212804762 0.15619580447673798 900
1753212825848 0.15840743482112885 1000
1753213528293 0.16494840383529663 1100
1753213552835 0.17409488558769226 1200
1753213576397 0.19301734864711761 1300
1753213601223 0.15003755688667297 1400
1753213625844 0.19436119496822357 1500
1753213649496 0.13902318477630615 1600
1753213674380 0.10250543802976608 1700
1753213699168 0.104677714407444 1800
1753213723926 0.1571333110332489 1900
1753213747652 0.13064782321453094 2000
1753214454647 0.198284313082695 2100
1753214478232 0.1498410701751709 2200
1753214502747 0.17125092446804047 2300
1753214527677 0.2578948140144348 2400
1753214552398 0.1057434007525444 2500
1753214575732 0.2826448380947113 2600
1753214600437 0.15013794600963593 2700
1753214625107 0.17295944690704346 2800
1753214649604 0.1883639395236969 2900
1753214673104 0.20529086887836456 3000
1753215351730 0.151129350066185 3100
1753215375012 0.11773580312728882 3200
1753215399494 0.12999722361564636 3300
1753215423992 0.16675710678100586 3400
1753215447412 0.1250232756137848 3500
1753215471912 0.12999527156352997 3600
1753215496369 0.1956455111503601 3700
1753215520817 0.15196795761585236 3800
1753215544156 0.15324632823467255 3900
1753215568468 0.1509052962064743 4000
1753216235008 0.2954327464103699 4100
1753216259666 0.10228225588798523 4200
1753216282898 0.2057470828294754 4300
1753216306992 0.1583968698978424 4400
1753216331312 0.1683935970067978 4500
1753216356187 0.16302746534347534 4600
1753216379560 0.16788741946220398 4700
1753216403745 0.16553694009780884 4800
1753216428095 0.18698887526988983 4900
1753216452926 0.17805340886116028 5000
1753217114914 0.1671159863471985 5100
1753217139443 0.1370479315519333 5200
1753217162855 0.13041788339614868 5300
1753217187301 0.1972423940896988 5400
1753217212055 0.17019861936569214 5500
1753217236325 0.2110377550125122 5600
1753217259348 0.1684301495552063 5700
1753217283910 0.17725923657417297 5800
1753217308719 0.21154280006885529 5900
1753217331690 0.16132061183452606 6000
1753218005627 0.15578442811965942 6100
1753218029505 0.38524195551872253 6200
1753218054613 0.17752887308597565 6300
1753218080005 0.23844823241233826 6400
1753218105365 0.140910342335701 6500
1753218129755 0.1511395275592804 6600
1753218155221 0.2486446648836136 6700
1753218180567 0.1381176859140396 6800
1753218205546 0.24251939356327057 6900
1753218229564 0.17121483385562897 7000
1753218907106 0.1712653934955597 7100
1753218931797 0.203227698802948 7200
1753218956877 0.1953231543302536 7300
1753218982116 0.18748658895492554 7400
1753219005624 0.1909252107143402 7500
1753219030501 0.18449677526950836 7600
1753219055499 0.2077469527721405 7700
1753219080722 0.16499732434749603 7800
1753219104523 0.16135181486606598 7900
1753219129565 0.174893319606781 8000
1753219819324 0.2156851440668106 8100
1753219844475 0.12760041654109955 8200
1753219867960 0.14989560842514038 8300
1753219892655 0.17924374341964722 8400
1753219917765 0.14732550084590912 8500
1753219943791 0.14363771677017212 8600
1753219968364 0.1402004510164261 8700
1753219993115 0.1352003961801529 8800
1753220018676 0.13263444602489471 8900
1753220043443 0.15892545878887177 9000
1753220728635 0.19774651527404785 9100
1753220753714 0.2083735167980194 9200
1753220777405 0.15421324968338013 9300
1753220802714 0.13354168832302094 9400
1753220827868 0.16040778160095215 9500
1753220852975 0.16036982834339142 9600
1753220876469 0.183573380112648 9700
1753220901126 0.1841825246810913 9800
1753220925844 0.10371354967355728 9900
1753220950510 0.10707413405179977 10000
1753221637831 0.13419294357299805 10100
1753221663956 0.1584249883890152 10200
1753221687210 0.15182067453861237 10300
1753221711774 0.1452617645263672 10400
1753221736782 0.1445532739162445 10500
1753221761581 0.2517099380493164 10600
1753221784253 0.20027680695056915 10700
1753221808802 0.1074025109410286 10800
1753221833535 0.19728396832942963 10900
1753221856465 0.18044671416282654 11000
1753222523006 0.16910971701145172 11100
1753222547452 0.15893177688121796 11200
1753222572042 0.11117184907197952 11300
1753222595074 0.21836712956428528 11400
1753222619798 0.14465267956256866 11500
1753222644593 0.15202172100543976 11600
1753222669299 0.132236048579216 11700
1753222692495 0.17855998873710632 11800
1753222717461 0.15620757639408112 11900
1753222742112 0.23170390725135803 12000
1753223398321 0.1357494741678238 12100
1753223423123 0.13924053311347961 12200
1753223447875 0.12025439739227295 12300
1753223470926 0.11606210470199585 12400
1753223495586 0.2289399802684784 12500
1753223520518 0.17377203702926636 12600
1753223543637 0.16496887803077698 12700
1753223568103 0.13711224496364594 12800
1753223592957 0.14708688855171204 12900
1753223617832 0.2572236955165863 13000
1753224279530 0.16919386386871338 13100
1753224304480 0.23964567482471466 13200
1753224327402 0.18777768313884735 13300
1753224352244 0.16135701537132263 13400
1753224377109 0.24721121788024902 13500
1753224402004 0.2221899777650833 13600
1753224424786 0.1899503916501999 13700
1753224449441 0.11633708328008652 13800
1753224474406 0.2765406668186188 13900
1753224499220 0.24954378604888916 14000
1753225163120 0.2137189507484436 14100
1753225185987 0.17600558698177338 14200
1753225211127 0.17529290914535522 14300
1753225235962 0.1961216926574707 14400
1753225260776 0.23173898458480835 14500
1753225283985 0.14300066232681274 14600
1753225308836 0.18768475949764252 14700
1753225333614 0.22248917818069458 14800
1753225356933 0.25938355922698975 14900
1753225381675 0.15974748134613037 15000
1753226049534 0.2527587115764618 15100
1753226072795 0.15151911973953247 15200
1753226097476 0.103145532310009 15300
1753226122197 0.16288447380065918 15400
1753226146968 0.20405927300453186 15500
1753226170040 0.26042649149894714 15600
1753226194878 0.11653368175029755 15700
1753226219819 0.16076792776584625 15800
1753226242890 0.16052469611167908 15900
1753226267726 0.14125917851924896 16000
1753226927453 0.1283441036939621 16100
1753226950280 0.1693112552165985 16200
1753226975234 0.28638145327568054 16300
1753227000350 0.21749404072761536 16400
1753227023109 0.1638135015964508 16500
1753227047898 0.15772314369678497 16600
1753227072936 0.2171076089143753 16700
1753227097785 0.10681555420160294 16800
1753227120491 0.19688554108142853 16900
1753227145451 0.17488329112529755 17000
1753227812834 0.21319793164730072 17100
1753227835795 0.15629437565803528 17200
1753227860623 0.21253491938114166 17300
1753227885572 0.18118320405483246 17400
1753227908516 0.1506257951259613 17500
1753227933444 0.20206142961978912 17600
1753227958543 0.1404172033071518 17700
1753227983346 0.22233937680721283 17800
1753228006289 0.2173527628183365 17900
1753228031189 0.168927401304245 18000
