1753212644382 0.0004990560585628974 100
1753212664506 0.0004980928530148334 200
1753212683840 0.0004971296474667695 300
1753212704060 0.0004961664419187054 400
1753212724591 0.0004952032363706415 500
1753212744185 0.0004942400308225775 600
1753212764596 0.0004932768252745136 700
1753212784203 0.0004923136197264496 800
1753212804762 0.0004913504141783857 900
1753212825848 0.0004903872086303217 1000
1753213528293 0.0004894240030822578 1100
1753213552835 0.0004884607975341938 1200
1753213576397 0.00048749759198612986 1300
1753213601223 0.0004865343864380659 1400
1753213625844 0.00048557118089000194 1500
1753213649496 0.000484607975341938 1600
1753213674380 0.000483644769793874 1700
1753213699168 0.00048268156424581006 1800
1753213723926 0.0004817183586977461 1900
1753213747652 0.00048075515314968215 2000
1753214454647 0.0004797919476016182 2100
1753214478232 0.0004788287420535543 2200
1753214502747 0.0004778655365054903 2300
1753214527677 0.0004769023309574263 2400
1753214552398 0.00047593912540936235 2500
1753214575732 0.0004749759198612984 2600
1753214600437 0.00047401271431323443 2700
1753214625107 0.0004730495087651705 2800
1753214649604 0.00047208630321710657 2900
1753214673104 0.0004711230976690426 3000
1753215351730 0.00047015989212097865 3100
1753215375012 0.00046919668657291464 3200
1753215399494 0.0004682334810248507 3300
1753215423992 0.0004672702754767867 3400
1753215447412 0.0004663070699287228 3500
1753215471912 0.00046534386438065885 3600
1753215496369 0.0004643806588325949 3700
1753215520817 0.00046341745328453093 3800
1753215544156 0.000462454247736467 3900
1753215568468 0.00046149104218840296 4000
1753216235008 0.00046052783664033906 4100
1753216259666 0.0004595646310922751 4200
1753216282898 0.00045860142554421114 4300
1753216306992 0.0004576382199961472 4400
1753216331312 0.0004566750144480832 4500
1753216356187 0.00045571180890001926 4600
1753216379560 0.00045474860335195536 4700
1753216403745 0.0004537853978038914 4800
1753216428095 0.0004528221922558274 4900
1753216452926 0.0004518589867077634 5000
1753217114914 0.00045089578115969946 5100
1753217139443 0.0004499325756116355 5200
1753217162855 0.0004489693700635716 5300
1753217187301 0.00044800616451550764 5400
1753217212055 0.0004470429589674437 5500
1753217236325 0.0004460797534193797 5600
1753217259348 0.0004451165478713157 5700
1753217283910 0.00044415334232325175 5800
1753217308719 0.00044319013677518785 5900
1753217331690 0.0004422269312271239 6000
1753218005627 0.0004412637256790599 6100
1753218029505 0.00044030052013099597 6200
1753218054613 0.000439337314582932 6300
1753218080005 0.00043837410903486805 6400
1753218105365 0.0004374109034868041 6500
1753218129755 0.00043644769793874013 6600
1753218155221 0.00043548449239067617 6700
1753218180567 0.0004345212868426122 6800
1753218205546 0.00043355808129454825 6900
1753218229564 0.0004325948757464843 7000
1753218907106 0.0004316316701984204 7100
1753218931797 0.00043066846465035643 7200
1753218956877 0.0004297052591022924 7300
1753218982116 0.00042874205355422846 7400
1753219005624 0.0004277788480061645 7500
1753219030501 0.0004268252745135812 7600
1753219055499 0.00042586206896551727 7700
1753219080722 0.0004248988634174533 7800
1753219104523 0.0004239356578693893 7900
1753219129565 0.0004229724523213254 8000
1753219819324 0.00042200924677326143 8100
1753219844475 0.00042104604122519747 8200
1753219867960 0.0004200828356771335 8300
1753219892655 0.00041911963012906955 8400
1753219917765 0.0004181564245810056 8500
1753219943791 0.0004171932190329417 8600
1753219968364 0.0004162300134848777 8700
1753219993115 0.0004152668079368137 8800
1753220018676 0.00041430360238874976 8900
1753220043443 0.0004133403968406858 9000
1753220728635 0.00041237719129262184 9100
1753220753714 0.00041141398574455793 9200
1753220777405 0.000410450780196494 9300
1753220802714 0.00040948757464843 9400
1753220827868 0.000408524369100366 9500
1753220852975 0.00040756116355230204 9600
1753220876469 0.0004065979580042381 9700
1753220901126 0.0004056347524561741 9800
1753220925844 0.0004046715469081102 9900
1753220950510 0.00040370834136004626 10000
1753221637831 0.0004027451358119823 10100
1753221663956 0.00040178193026391834 10200
1753221687210 0.0004008187247158544 10300
1753221711774 0.00039985551916779037 10400
1753221736782 0.00039889231361972646 10500
1753221761581 0.0003979291080716625 10600
1753221784253 0.00039696590252359854 10700
1753221808802 0.0003960026969755346 10800
1753221833535 0.0003950394914274706 10900
1753221856465 0.00039407628587940667 11000
1753222523006 0.00039311308033134276 11100
1753222547452 0.00039214987478327875 11200
1753222572042 0.0003911866692352148 11300
1753222595074 0.00039022346368715083 11400
1753222619798 0.00038926025813908687 11500
1753222644593 0.0003883066846465036 11600
1753222669299 0.0003873434790984396 11700
1753222692495 0.0003863802735503756 11800
1753222717461 0.00038541706800231167 11900
1753222742112 0.00038445386245424776 12000
1753223398321 0.0003834906569061838 12100
1753223423123 0.00038252745135811984 12200
1753223447875 0.0003815642458100559 12300
1753223470926 0.0003806010402619919 12400
1753223495586 0.00037963783471392797 12500
1753223520518 0.000378674629165864 12600
1753223543637 0.00037771142361780005 12700
1753223568103 0.0003767482180697361 12800
1753223592957 0.00037578501252167213 12900
1753223617832 0.00037482180697360817 13000
1753224279530 0.0003738586014255442 13100
1753224304480 0.0003728953958774803 13200
1753224327402 0.00037193219032941635 13300
1753224352244 0.00037096898478135233 13400
1753224377109 0.0003700057792332884 13500
1753224402004 0.0003690425736852244 13600
1753224424786 0.00036807936813716046 13700
1753224449441 0.00036711616258909655 13800
1753224474406 0.0003661529570410326 13900
1753224499220 0.00036518975149296863 14000
1753225163120 0.0003642265459449047 14100
1753225185987 0.00036326334039684066 14200
1753225211127 0.0003623001348487767 14300
1753225235962 0.0003613369293007128 14400
1753225260776 0.00036037372375264884 14500
1753225283985 0.0003594105182045849 14600
1753225308836 0.0003584473126565209 14700
1753225333614 0.0003574937391639376 14800
1753225356933 0.00035653053361587363 14900
1753225381675 0.0003555673280678097 15000
1753226049534 0.0003546041225197457 15100
1753226072795 0.00035364091697168175 15200
1753226097476 0.0003526777114236178 15300
1753226122197 0.0003517145058755539 15400
1753226146968 0.00035075130032748993 15500
1753226170040 0.0003497880947794259 15600
1753226194878 0.00034882488923136196 15700
1753226219819 0.000347861683683298 15800
1753226242890 0.00034689847813523404 15900
1753226267726 0.00034593527258717014 16000
1753226927453 0.0003449720670391062 16100
1753226950280 0.0003440088614910422 16200
1753226975234 0.00034304565594297826 16300
1753227000350 0.00034208245039491424 16400
1753227023109 0.0003411192448468503 16500
1753227047898 0.0003401560392987864 16600
1753227072936 0.0003391928337507224 16700
1753227097785 0.00033822962820265846 16800
1753227120491 0.0003372664226545945 16900
1753227145451 0.00033630321710653054 17000
1753227812834 0.0003353400115584666 17100
1753227835795 0.00033438643806588326 17200
1753227860623 0.0003334232325178193 17300
1753227885572 0.00033246002696975534 17400
1753227908516 0.000331506453477172 17500
1753227933444 0.00033054324792910805 17600
1753227958543 0.0003295800423810441 17700
1753227983346 0.00032861683683298013 17800
1753228006289 0.00032765363128491623 17900
1753228031189 0.00032669042573685227 18000
