1753212644382 8.9284 100
1753212664506 6.9275 200
1753212683840 6.8853 300
1753212704060 6.8659 400
1753212724591 6.8408 500
1753212744185 6.8463 600
1753212764596 6.7844 700
1753212784203 6.8419 800
1753212804762 6.7486 900
1753212825848 6.7956 1000
1753213528293 6.7796 1100
1753213552835 6.7639 1200
1753213576397 6.7988 1300
1753213601223 6.7721 1400
1753213625844 6.7756 1500
1753213649496 6.774 1600
1753213674380 6.7777 1700
1753213699168 6.8283 1800
1753213723926 6.7844 1900
1753213747652 6.779 2000
1753214454647 6.7621 2100
1753214478232 6.8126 2200
1753214502747 6.7604 2300
1753214527677 6.8006 2400
1753214552398 6.7813 2500
1753214575732 6.7695 2600
1753214600437 6.7124 2700
1753214625107 6.7714 2800
1753214649604 6.7974 2900
1753214673104 6.771 3000
1753215351730 6.7561 3100
1753215375012 6.7835 3200
1753215399494 6.76 3300
1753215423992 6.7535 3400
1753215447412 6.7796 3500
1753215471912 6.7999 3600
1753215496369 6.7829 3700
1753215520817 6.7791 3800
1753215544156 6.7414 3900
1753215568468 6.7602 4000
1753216235008 6.7472 4100
1753216259666 6.7694 4200
1753216282898 6.7507 4300
1753216306992 6.7534 4400
1753216331312 6.759 4500
1753216356187 6.7743 4600
1753216379560 6.7571 4700
1753216403745 6.7759 4800
1753216428095 6.7292 4900
1753216452926 6.7692 5000
1753217114914 6.7983 5100
1753217139443 6.752 5200
1753217162855 6.7274 5300
1753217187301 6.7748 5400
1753217212055 6.7362 5500
1753217236325 6.7407 5600
1753217259348 6.7634 5700
1753217283910 6.7647 5800
1753217308719 6.7647 5900
1753217331690 6.7176 6000
1753218005627 6.7721 6100
1753218029505 6.7088 6200
1753218054613 6.7313 6300
1753218080005 6.7206 6400
1753218105365 6.745 6500
1753218129755 6.7378 6600
1753218155221 6.7128 6700
1753218180567 6.7622 6800
1753218205546 6.8034 6900
1753218229564 6.7498 7000
1753218907106 6.724 7100
1753218931797 6.6894 7200
1753218956877 6.7694 7300
1753218982116 6.7413 7400
1753219005624 6.7946 7500
1753219030501 6.7425 7600
1753219055499 6.7167 7700
1753219080722 6.7272 7800
1753219104523 6.7162 7900
1753219129565 6.7691 8000
1753219819324 6.7549 8100
1753219844475 6.7365 8200
1753219867960 6.7461 8300
1753219892655 6.7508 8400
1753219917765 6.7539 8500
1753219943791 6.7552 8600
1753219968364 6.7129 8700
1753219993115 6.7212 8800
1753220018676 6.8106 8900
1753220043443 6.7865 9000
1753220728635 6.7553 9100
1753220753714 6.6827 9200
1753220777405 6.7452 9300
1753220802714 6.726 9400
1753220827868 6.8138 9500
1753220852975 6.7524 9600
1753220876469 6.7379 9700
1753220901126 6.7583 9800
1753220925844 6.722 9900
1753220950510 6.7607 10000
1753221637831 6.7187 10100
1753221663956 6.7786 10200
1753221687210 6.7901 10300
1753221711774 6.7317 10400
1753221736782 6.7491 10500
1753221761581 6.7559 10600
1753221784253 6.7347 10700
1753221808802 6.7655 10800
1753221833535 6.7172 10900
1753221856465 6.7552 11000
1753222523006 6.7421 11100
1753222547452 6.7714 11200
1753222572042 6.723 11300
1753222595074 6.7319 11400
1753222619798 6.7499 11500
1753222644593 6.7149 11600
1753222669299 6.7199 11700
1753222692495 6.7415 11800
1753222717461 6.7067 11900
1753222742112 6.743 12000
1753223398321 6.6447 12100
1753223423123 6.733 12200
1753223447875 6.7269 12300
1753223470926 6.76 12400
1753223495586 6.7529 12500
1753223520518 6.6988 12600
1753223543637 6.7304 12700
1753223568103 6.7256 12800
1753223592957 6.7425 12900
1753223617832 6.7435 13000
1753224279530 6.7045 13100
1753224304480 6.713 13200
1753224327402 6.7298 13300
1753224352244 6.7084 13400
1753224377109 6.7327 13500
1753224402004 6.754 13600
1753224424786 6.6949 13700
1753224449441 6.7334 13800
1753224474406 6.7694 13900
1753224499220 6.7288 14000
1753225163120 6.7389 14100
1753225185987 6.7677 14200
1753225211127 6.7235 14300
1753225235962 6.75 14400
1753225260776 6.7612 14500
1753225283985 6.7369 14600
1753225308836 6.7038 14700
1753225333614 6.6924 14800
1753225356933 6.7476 14900
1753225381675 6.706 15000
1753226049534 6.7092 15100
1753226072795 6.7032 15200
1753226097476 6.7464 15300
1753226122197 6.7406 15400
1753226146968 6.7528 15500
1753226170040 6.747 15600
1753226194878 6.6893 15700
1753226219819 6.7248 15800
1753226242890 6.7279 15900
1753226267726 6.7518 16000
1753226927453 6.7472 16100
1753226950280 6.7425 16200
1753226975234 6.7091 16300
1753227000350 6.7295 16400
1753227023109 6.749 16500
1753227047898 6.7426 16600
1753227072936 6.7459 16700
1753227097785 6.7034 16800
1753227120491 6.7229 16900
1753227145451 6.727 17000
1753227812834 6.7688 17100
1753227835795 6.6503 17200
1753227860623 6.6985 17300
1753227885572 6.742 17400
1753227908516 6.7231 17500
1753227933444 6.7266 17600
1753227958543 6.7078 17700
1753227983346 6.6729 17800
1753228006289 6.7123 17900
1753228031189 6.728 18000
