1752790673801 1.0445205479452055 6100
1752790698222 1.0616438356164384 6200
1752790722681 1.0787671232876712 6300
1752790748100 1.095890410958904 6400
1752790772744 1.1130136986301369 6500
1752790797366 1.13013698630137 6600
1752790821629 1.1472602739726028 6700
1752790846855 1.1643835616438356 6800
1752790871416 1.1815068493150684 6900
1752790896474 1.1986301369863013 7000
1752791055751 1.1986301369863013 7000
1752791081902 1.2157534246575343 7100
1752791106549 1.2328767123287672 7200
1752791131225 1.25 7300
1752791155597 1.2671232876712328 7400
1752791180400 1.2842465753424657 7500
1752791205260 1.3013698630136985 7600
1752791229988 1.3184931506849316 7700
1752791254649 1.3356164383561644 7800
1752791279198 1.3527397260273972 7900
1752791303840 1.36986301369863 8000
1752791468136 1.36986301369863 8000
1752791493670 1.3869863013698631 8100
1752791517670 1.404109589041096 8200
1752791542166 1.4212328767123288 8300
1752791566500 1.4383561643835616 8400
1752791591180 1.4554794520547945 8500
1752791615999 1.4726027397260273 8600
1752791640787 1.4897260273972603 8700
1752791665571 1.5068493150684932 8800
1752791690496 1.523972602739726 8900
1752791715118 1.541095890410959 9000
1752791868321 1.541095890410959 9000
1752791893780 1.558219178082192 9100
1752791918243 1.5753424657534247 9200
1752791942383 1.5924657534246576 9300
1752791966946 1.6095890410958904 9400
1752791991349 1.6267123287671232 9500
1752792016047 1.643835616438356 9600
1752792040678 1.660958904109589 9700
1752792065221 1.678082191780822 9800
1752792089730 1.6952054794520548 9900
1752792114336 1.7123287671232876 10000
1752792276504 1.7123287671232876 10000
1752792302061 1.7294520547945207 10100
1752792326691 1.7465753424657535 10200
1752792351328 1.7636986301369864 10300
1752792376134 1.7808219178082192 10400
1752792400707 1.797945205479452 10500
1752792424796 1.8150684931506849 10600
1752792449912 1.8321917808219177 10700
1752792474289 1.8493150684931505 10800
1752792498742 1.8664383561643836 10900
1752792523336 1.8835616438356164 11000
