1752790673801 0.249015212059021 6100
1752790698222 0.18130961060523987 6200
1752790722681 0.16123105585575104 6300
1752790748100 0.159564808011055 6400
1752790772744 0.2035525143146515 6500
1752790797366 0.17099401354789734 6600
1752790821629 0.16602952778339386 6700
1752790846855 0.13659466803073883 6800
1752790871416 0.11772555857896805 6900
1752790896474 0.133518248796463 7000
1752791081902 0.1529298722743988 7100
1752791106549 0.16861116886138916 7200
1752791131225 0.1470053344964981 7300
1752791155597 0.14984875917434692 7400
1752791180400 0.15831778943538666 7500
1752791205260 0.2678573727607727 7600
1752791229988 0.1778937727212906 7700
1752791254649 0.11224626004695892 7800
1752791279198 0.12105097621679306 7900
1752791303840 0.18629522621631622 8000
1752791493670 0.2889651358127594 8100
1752791517670 0.1307036131620407 8200
1752791542166 0.14958609640598297 8300
1752791566500 0.19028295576572418 8400
1752791591180 0.14593438804149628 8500
1752791615999 0.2397216558456421 8600
1752791640787 0.17045216262340546 8700
1752791665571 0.12900684773921967 8800
1752791690496 0.16238641738891602 8900
1752791715118 0.21136243641376495 9000
1752791893780 0.18576127290725708 9100
1752791918243 0.12987841665744781 9200
1752791942383 0.22196850180625916 9300
1752791966946 0.2441772222518921 9400
1752791991349 0.12135449796915054 9500
1752792016047 0.17296825349330902 9600
1752792040678 0.17197634279727936 9700
1752792065221 0.14680184423923492 9800
1752792089730 0.1741081178188324 9900
1752792114336 0.18140484392642975 10000
1752792302061 0.3452030122280121 10100
1752792326691 0.19701063632965088 10200
1752792351328 0.15040422976016998 10300
1752792376134 0.18799951672554016 10400
1752792400707 nan 10500
1752792424796 0.19678761065006256 10600
1752792449912 0.19343052804470062 10700
1752792474289 0.15057224035263062 10800
1752792498742 0.13604086637496948 10900
1752792523336 0.2219042032957077 11000
