1752790673801 0.00032597031963470317 6100
1752790698222 0.0003231164383561644 6200
1752790722681 0.0003202625570776256 6300
1752790748100 0.00031740867579908676 6400
1752790772744 0.00031455479452054797 6500
1752790797366 0.0003117009132420092 6600
1752790821629 0.0003088470319634703 6700
1752790846855 0.0003060216894977169 6800
1752790871416 0.0003031678082191781 6900
1752790896474 0.00030031392694063923 7000
1752791081902 0.00029746004566210044 7100
1752791106549 0.00029460616438356166 7200
1752791131225 0.0002917522831050228 7300
1752791155597 0.00028889840182648403 7400
1752791180400 0.00028604452054794524 7500
1752791205260 0.0002831906392694064 7600
1752791229988 0.0002803367579908676 7700
1752791254649 0.0002774828767123287 7800
1752791279198 0.00027462899543378994 7900
1752791303840 0.00027177511415525115 8000
1752791493670 0.0002689212328767123 8100
1752791517670 0.0002660673515981735 8200
1752791542166 0.00026321347031963473 8300
1752791566500 0.0002603595890410959 8400
1752791591180 0.0002575057077625571 8500
1752791615999 0.00025465182648401827 8600
1752791640787 0.0002517979452054794 8700
1752791665571 0.00024894406392694064 8800
1752791690496 0.00024609018264840185 8900
1752791715118 0.000243236301369863 9000
1752791893780 0.00024038242009132422 9100
1752791918243 0.00023752853881278538 9200
1752791942383 0.00023467465753424657 9300
1752791966946 0.00023182077625570778 9400
1752791991349 0.00022896689497716897 9500
1752792016047 0.00022611301369863013 9600
1752792040678 0.00022325913242009132 9700
1752792065221 0.00022040525114155253 9800
1752792089730 0.00021755136986301372 9900
1752792114336 0.00021469748858447487 10000
1752792302061 0.0002118436073059361 10100
1752792326691 0.00020898972602739727 10200
1752792351328 0.00020613584474885846 10300
1752792376134 0.00020328196347031962 10400
1752792400707 0.00020042808219178083 10500
1752792424796 0.0001976027397260274 10600
1752792449912 0.00019474885844748856 10700
1752792474289 0.00019189497716894978 10800
1752792498742 0.00018904109589041096 10900
1752792523336 0.00018618721461187215 11000
