1752790673801 6.8363 6100
1752790698222 6.8081 6200
1752790722681 6.7651 6300
1752790748100 6.7257 6400
1752790772744 6.7865 6500
1752790797366 6.7757 6600
1752790821629 6.7665 6700
1752790846855 6.7872 6800
1752790871416 6.7572 6900
1752790896474 6.7465 7000
1752791081902 6.7856 7100
1752791106549 6.7937 7200
1752791131225 6.7498 7300
1752791155597 6.7986 7400
1752791180400 6.7896 7500
1752791205260 6.7793 7600
1752791229988 6.7329 7700
1752791254649 6.7878 7800
1752791279198 6.7633 7900
1752791303840 6.7554 8000
1752791493670 6.7752 8100
1752791517670 6.7393 8200
1752791542166 6.7625 8300
1752791566500 6.7412 8400
1752791591180 6.8011 8500
1752791615999 6.7326 8600
1752791640787 6.7338 8700
1752791665571 6.7579 8800
1752791690496 6.749 8900
1752791715118 6.8009 9000
1752791893780 6.7647 9100
1752791918243 6.7652 9200
1752791942383 6.7168 9300
1752791966946 6.7865 9400
1752791991349 6.7821 9500
1752792016047 6.7894 9600
1752792040678 6.7307 9700
1752792065221 6.7849 9800
1752792089730 6.7347 9900
1752792114336 6.7388 10000
1752792302061 6.7822 10100
1752792326691 6.7399 10200
1752792351328 6.7767 10300
1752792376134 6.7318 10400
1752792400707 6.771 10500
1752792424796 6.7828 10600
1752792449912 6.7629 10700
1752792474289 6.7417 10800
1752792498742 6.7621 10900
1752792523336 6.7924 11000
