1752835119129 1.0445205479452055 6100
1752835157970 1.0616438356164384 6200
1752835203778 1.0787671232876712 6300
1752835240913 1.095890410958904 6400
1752835279101 1.1130136986301369 6500
1752835313946 1.13013698630137 6600
1752835348803 1.1472602739726028 6700
1752835386289 1.1643835616438356 6800
1752835420916 1.1815068493150684 6900
1752835455332 1.1986301369863013 7000
1752835877429 1.1986301369863013 7000
1752835913688 1.2157534246575343 7100
1752835948219 1.2328767123287672 7200
1752835983657 1.25 7300
1752836018216 1.2671232876712328 7400
1752836056489 1.2842465753424657 7500
1752836139850 1.3013698630136985 7600
1752836204194 1.3184931506849316 7700
1752836238622 1.3356164383561644 7800
1752836272985 1.3527397260273972 7900
1752836316910 1.36986301369863 8000
1752836988044 1.36986301369863 8000
1752837070420 1.3869863013698631 8100
1752837218904 1.404109589041096 8200
1752837366218 1.4212328767123288 8300
1752837487137 1.4383561643835616 8400
1752837519610 1.4554794520547945 8500
1752837551691 1.4726027397260273 8600
1752837583939 1.4897260273972603 8700
1752837616077 1.5068493150684932 8800
1752837648249 1.523972602739726 8900
1752837680487 1.541095890410959 9000
1752838060588 1.541095890410959 9000
1752838093691 1.558219178082192 9100
1752838125796 1.5753424657534247 9200
1752838158165 1.5924657534246576 9300
1752838190216 1.6095890410958904 9400
1752838222601 1.6267123287671232 9500
1752838254742 1.643835616438356 9600
1752838287025 1.660958904109589 9700
1752838319243 1.678082191780822 9800
1752838351509 1.6952054794520548 9900
1752838384256 1.7123287671232876 10000
