1752835119129 0.249015212059021 6100
1752835157970 0.18130961060523987 6200
1752835203778 0.16123105585575104 6300
1752835240913 0.159564808011055 6400
1752835279101 0.2035525143146515 6500
1752835313946 0.17099401354789734 6600
1752835348803 0.16602952778339386 6700
1752835386289 0.13659466803073883 6800
1752835420916 0.11772555857896805 6900
1752835455332 0.133518248796463 7000
1752835913688 0.1529298722743988 7100
1752835948219 0.16861116886138916 7200
1752835983657 0.1470053344964981 7300
1752836018216 0.14984875917434692 7400
1752836056489 0.15831778943538666 7500
1752836139850 0.2678573727607727 7600
1752836204194 0.1778937727212906 7700
1752836238622 0.11224626004695892 7800
1752836272985 0.12105097621679306 7900
1752836316910 0.18629522621631622 8000
1752837070420 0.2889651358127594 8100
1752837218904 0.1307036131620407 8200
1752837366218 0.14958609640598297 8300
1752837487137 0.19028295576572418 8400
1752837519610 0.14593438804149628 8500
1752837551691 0.2397216558456421 8600
1752837583939 0.17045216262340546 8700
1752837616077 0.12900684773921967 8800
1752837648249 0.16238641738891602 8900
1752837680487 0.21136243641376495 9000
1752838093691 0.18576127290725708 9100
1752838125796 0.12987841665744781 9200
1752838158165 0.22196850180625916 9300
1752838190216 0.2441772222518921 9400
1752838222601 0.12135449796915054 9500
1752838254742 0.17296825349330902 9600
1752838287025 0.17197634279727936 9700
1752838319243 0.14680184423923492 9800
1752838351509 0.1741081178188324 9900
1752838384256 0.18140484392642975 10000
