1752835119129 0.00032597031963470317 6100
1752835157970 0.0003231164383561644 6200
1752835203778 0.0003202625570776256 6300
1752835240913 0.00031740867579908676 6400
1752835279101 0.00031455479452054797 6500
1752835313946 0.0003117009132420092 6600
1752835348803 0.0003088470319634703 6700
1752835386289 0.0003060216894977169 6800
1752835420916 0.0003031678082191781 6900
1752835455332 0.00030031392694063923 7000
1752835913688 0.00029746004566210044 7100
1752835948219 0.00029460616438356166 7200
1752835983657 0.0002917522831050228 7300
1752836018216 0.00028889840182648403 7400
1752836056489 0.00028604452054794524 7500
1752836139850 0.0002831906392694064 7600
1752836204194 0.0002803367579908676 7700
1752836238622 0.0002774828767123287 7800
1752836272985 0.00027462899543378994 7900
1752836316910 0.00027177511415525115 8000
1752837070420 0.0002689212328767123 8100
1752837218904 0.0002660673515981735 8200
1752837366218 0.00026321347031963473 8300
1752837487137 0.0002603595890410959 8400
1752837519610 0.0002575057077625571 8500
1752837551691 0.00025465182648401827 8600
1752837583939 0.0002517979452054794 8700
1752837616077 0.00024894406392694064 8800
1752837648249 0.00024609018264840185 8900
1752837680487 0.000243236301369863 9000
1752838093691 0.00024038242009132422 9100
1752838125796 0.00023752853881278538 9200
1752838158165 0.00023467465753424657 9300
1752838190216 0.00023182077625570778 9400
1752838222601 0.00022896689497716897 9500
1752838254742 0.00022611301369863013 9600
1752838287025 0.00022325913242009132 9700
1752838319243 0.00022040525114155253 9800
1752838351509 0.00021755136986301372 9900
1752838384256 0.00021469748858447487 10000
