1752835119129 6.8363 6100
1752835157970 6.8081 6200
1752835203778 6.7651 6300
1752835240913 6.7257 6400
1752835279101 6.7865 6500
1752835313946 6.7757 6600
1752835348803 6.7665 6700
1752835386289 6.7872 6800
1752835420916 6.7572 6900
1752835455332 6.7465 7000
1752835913688 6.7856 7100
1752835948219 6.7937 7200
1752835983657 6.7498 7300
1752836018216 6.7986 7400
1752836056489 6.7896 7500
1752836139850 6.7793 7600
1752836204194 6.7329 7700
1752836238622 6.7878 7800
1752836272985 6.7633 7900
1752836316910 6.7554 8000
1752837070420 6.7752 8100
1752837218904 6.7393 8200
1752837366218 6.7625 8300
1752837487137 6.7412 8400
1752837519610 6.8011 8500
1752837551691 6.7326 8600
1752837583939 6.7338 8700
1752837616077 6.7579 8800
1752837648249 6.749 8900
1752837680487 6.8009 9000
1752838093691 6.7647 9100
1752838125796 6.7652 9200
1752838158165 6.7168 9300
1752838190216 6.7865 9400
1752838222601 6.7821 9500
1752838254742 6.7894 9600
1752838287025 6.7307 9700
1752838319243 6.7849 9800
1752838351509 6.7347 9900
1752838384256 6.7388 10000
